   3.9243000e+04   4.0500000e+02
   2.8010000e+04   8.9770000e+03
   1.1807000e+04   4.7421000e+04
   4.9700000e+04   2.9169000e+04
   5.4851000e+04   1.9238000e+04
   9.8750000e+03   2.2611000e+04
   2.7318000e+04   2.8930000e+03
   1.3174000e+04   2.8314000e+04
   5.2573000e+04   6.4573000e+04
   4.0344000e+04   4.7159000e+04
   4.3653000e+04   3.6802000e+04
   1.1531000e+04   1.1345000e+04
   2.6041000e+04   5.5696000e+04
   1.8924000e+04   4.3507000e+04
   2.7186000e+04   4.6124000e+04
   3.0341000e+04   7.8120000e+03
   4.4836000e+04   1.2585000e+04
   3.6661000e+04   6.4029000e+04
   3.1288000e+04   3.2790000e+04
