   1.1739000e+04   3.4689000e+04
   4.9734000e+04   4.5038000e+04
   3.5432000e+04   2.6597000e+04
   6.1059000e+04   6.4125000e+04
   1.2979000e+04   1.9519000e+04
   6.0146000e+04   3.4117000e+04
   6.0715000e+04   5.0002000e+04
   4.4520000e+04   4.2726000e+04
   5.9941000e+04   5.5799000e+04
   2.2261000e+04   2.8788000e+04
   4.8030000e+03   2.0590000e+04
   4.2250000e+04   1.8370000e+04
   3.2121000e+04   2.3411000e+04
   6.6200000e+03   3.9371000e+04
   2.4155000e+04   5.9568000e+04
   8.8490000e+03   5.8232000e+04
   3.0360000e+04   3.0862000e+04
   2.3203000e+04   1.2625000e+04
   8.9640000e+03   3.6370000e+04
   5.5059000e+04   6.4802000e+04
   4.9562000e+04   3.9057000e+04
   5.4697000e+04   5.9098000e+04
   5.9826000e+04   6.1779000e+04
   3.6297000e+04   3.2476000e+04
   2.3033000e+04   1.0711000e+04
