   2.4874000e+04   1.8310000e+04
   3.7193000e+04   4.7633000e+04
   4.7620000e+04   1.7780000e+03
   5.1730000e+04   5.1922000e+04
   4.1557000e+04   4.6249000e+04
   1.4748000e+04   1.1294000e+04
   2.3977000e+04   1.1645000e+04
   1.3807000e+04   2.7218000e+04
   5.6990000e+03   4.5129000e+04
   6.8200000e+03   6.7780000e+03
   2.5090000e+04   2.6824000e+04
   1.0819000e+04   1.2070000e+03
   2.8245000e+04   4.6681000e+04
   2.5238000e+04   8.5080000e+03
   4.2739000e+04   1.2573000e+04
   3.3541000e+04   2.9323000e+04
