   1.8817000e+04   1.5721000e+04
   1.1665000e+04   6.9650000e+03
   1.3810000e+04   5.9287000e+04
   4.5670000e+04   8.7160000e+03
   2.9316000e+04   3.0101000e+04
   4.3733000e+04   8.2030000e+03
   2.5741000e+04   5.7300000e+04
   4.2170000e+04   2.3670000e+04
   5.9537000e+04   4.8591000e+04
   4.3367000e+04   9.3760000e+03
   5.2340000e+04   6.1348000e+04
   1.9630000e+04   5.2331000e+04
   6.1694000e+04   6.4861000e+04
   3.7237000e+04   2.9146000e+04
   5.0569000e+04   5.2107000e+04
   3.2164000e+04   1.8905000e+04
   5.8827000e+04   4.8957000e+04
   5.2807000e+04   1.2707000e+04
   6.0008000e+04   2.3064000e+04
   3.9620000e+04   1.0220000e+04
   3.1818000e+04   4.2670000e+03
   2.4847000e+04   6.1065000e+04
   2.8164000e+04   3.6330000e+04
   3.8437000e+04   5.7530000e+03
   1.5955000e+04   4.8490000e+03
   3.4516000e+04   9.7500000e+03
   4.3096000e+04   1.8506000e+04
   3.9034000e+04   2.2974000e+04
   3.3964000e+04   6.4230000e+04
   5.1483000e+04   4.9880000e+03
   3.1007000e+04   3.6930000e+04
   4.9671000e+04   4.6178000e+04
   4.7294000e+04   3.8692000e+04
