   2.7854000e+04   5.4400000e+02
   2.5953000e+04   8.3420000e+03
   1.6882000e+04   3.7700000e+03
   2.7156000e+04   1.8040000e+03
   4.5399000e+04   5.7387000e+04
   3.5219000e+04   3.0890000e+04
   5.7817000e+04   5.0887000e+04
   5.0663000e+04   2.5604000e+04
   5.6856000e+04   1.9690000e+04
   2.8975000e+04   5.1700000e+02
   3.4277000e+04   9.3490000e+03
   4.4550000e+04   5.6620000e+03
   3.8437000e+04   5.7530000e+03
   5.0758000e+04   5.4263000e+04
   5.8006000e+04   2.6138000e+04
   4.3685000e+04   5.8922000e+04
   3.7589000e+04   6.5484000e+04
   5.5543000e+04   1.5246000e+04
   5.1493000e+04   4.2197000e+04
   5.4698000e+04   1.5369000e+04
   5.0534000e+04   3.5138000e+04
