   2.4098000e+04   4.7850000e+03
   4.6806000e+04   1.8489000e+04
   6.1596000e+04   5.7422000e+04
   4.7686000e+04   4.2957000e+04
   4.5506000e+04   3.7166000e+04
   5.7815000e+04   3.6597000e+04
   5.1499000e+04   5.4480000e+04
   4.4396000e+04   5.9801000e+04
   5.1831000e+04   4.4300000e+03
   5.1975000e+04   1.3225000e+04
   3.4011000e+04   6.1613000e+04
   4.1211000e+04   3.4501000e+04
   2.9038000e+04   3.7552000e+04
   3.4289000e+04   5.9993000e+04
   3.5428000e+04   3.8787000e+04
   5.8103000e+04   4.8613000e+04
   4.1508000e+04   3.0953000e+04
