   1.3843000e+04   5.8884000e+04
   2.4927000e+04   4.1668000e+04
   2.1921000e+04   2.9770000e+04
   3.2891000e+04   4.9417000e+04
   2.6780000e+04   1.5857000e+04
   2.2766000e+04   4.7180000e+04
   5.0360000e+04   3.2405000e+04
   4.3373000e+04   3.4164000e+04
   3.4308000e+04   5.1494000e+04
   5.0756000e+04   2.7230000e+03
   1.4478000e+04   9.6170000e+03
   2.5253000e+04   6.0961000e+04
   1.1860000e+04   6.4409000e+04
   3.7199000e+04   4.2938000e+04
   5.0852000e+04   3.1472000e+04
   5.5638000e+04   8.1870000e+03
   6.1122000e+04   7.5140000e+03
