   4.7410000e+04   4.5137000e+04
   4.9727000e+04   6.4074000e+04
   3.9269000e+04   4.0817000e+04
   3.1093000e+04   3.5099000e+04
   4.3490000e+04   4.3013000e+04
   4.3584000e+04   3.2990000e+04
   3.4483000e+04   2.5295000e+04
   4.4863000e+04   4.1251000e+04
   3.6134000e+04   5.9103000e+04
   3.9475000e+04   5.7899000e+04
   3.3252000e+04   4.4698000e+04
   5.4910000e+04   4.0723000e+04
   5.6078000e+04   5.1709000e+04
   5.7640000e+03   4.3547000e+04
   4.2500000e+03   3.4102000e+04
   1.6569000e+04   4.0790000e+04
   6.3950000e+03   1.6401000e+04
   4.9871000e+04   6.1150000e+04
   2.9943000e+04   2.7589000e+04
   1.1628000e+04   5.9878000e+04
   1.0675000e+04   5.9605000e+04
   1.5893000e+04   5.6586000e+04
   1.1845000e+04   4.2397000e+04
   2.7221000e+04   2.4021000e+04
   4.7743000e+04   4.2973000e+04
   5.7774000e+04   5.1773000e+04
   1.7801000e+04   4.6284000e+04
   3.9554000e+04   1.0908000e+04
   4.1713000e+04   6.2373000e+04
   5.8895000e+04   4.6830000e+03
   6.1005000e+04   5.8656000e+04
   1.6068000e+04   5.4929000e+04
