   6.0657000e+04   1.9616000e+04
   2.1806000e+04   2.2340000e+04
   2.2959000e+04   1.9926000e+04
   4.5767000e+04   3.6810000e+04
   2.9445000e+04   3.6440000e+03
   1.7922000e+04   3.5510000e+03
   3.0891000e+04   4.2565000e+04
   4.8233000e+04   6.0610000e+04
   3.9050000e+04   4.9346000e+04
   4.1431000e+04   4.2682000e+04
   4.7272000e+04   2.5821000e+04
   5.8687000e+04   5.3430000e+03
   5.6500000e+04   2.7030000e+03
   5.7884000e+04   1.4170000e+03
   1.5726000e+04   6.5500000e+03
   3.5317000e+04   5.8328000e+04
   4.9658000e+04   5.4730000e+04
   3.0244000e+04   6.3700000e+03
   8.7860000e+03   4.4663000e+04
   1.2931000e+04   2.9586000e+04
   5.9002000e+04   5.7233000e+04
   5.3912000e+04   8.7310000e+03
   2.6860000e+04   1.9001000e+04
   4.0217000e+04   6.3821000e+04
   8.4940000e+03   2.6880000e+04
   2.6244000e+04   3.8250000e+04
   3.7526000e+04   3.3521000e+04
   2.0229000e+04   5.6196000e+04
   5.6404000e+04   1.1341000e+04
   3.0012000e+04   3.5892000e+04
   5.1549000e+04   4.2007000e+04
   5.2778000e+04   5.9785000e+04
   4.8728000e+04   3.9183000e+04
