   3.5099000e+04   2.6429000e+04
   5.4604000e+04   2.0579000e+04
   3.4283000e+04   4.1769000e+04
   8.7670000e+03   1.3802000e+04
   2.6374000e+04   5.8185000e+04
   3.8727000e+04   6.4093000e+04
   3.1575000e+04   5.8776000e+04
   2.0081000e+04   4.6139000e+04
   4.2601000e+04   1.2180000e+03
   4.3705000e+04   4.6484000e+04
   4.6840000e+04   2.6355000e+04
   5.5048000e+04   1.2924000e+04
   1.7676000e+04   4.2235000e+04
   1.6748000e+04   1.9798000e+04
   4.3418000e+04   2.7228000e+04
   1.6812000e+04   6.7620000e+03
   3.0439000e+04   4.2276000e+04
   3.7608000e+04   5.7653000e+04
   3.0123000e+04   4.4101000e+04
   2.8189000e+04   2.9109000e+04
   3.1366000e+04   3.1897000e+04
   4.4538000e+04   4.6882000e+04
