   1.7645000e+04   4.1727000e+04
   2.7105000e+04   6.4933000e+04
   3.3165000e+04   2.3822000e+04
   5.2551000e+04   4.9728000e+04
   3.9274000e+04   1.9234000e+04
   4.8503000e+04   5.7062000e+04
   5.2033000e+04   1.4976000e+04
   5.5781000e+04   4.4362000e+04
   5.7027000e+04   2.8826000e+04
   6.1216000e+04   6.2363000e+04
   1.4476000e+04   1.2988000e+04
   2.2732000e+04   6.4207000e+04
   5.4487000e+04   3.5546000e+04
   3.1979000e+04   5.6442000e+04
   6.4470000e+03   3.1747000e+04
   1.7775000e+04   2.5251000e+04
   9.5830000e+03   5.9610000e+04
   1.1713000e+04   1.7553000e+04
   6.6570000e+03   4.2000000e+01
   1.4849000e+04   5.0067000e+04
   9.8100000e+03   1.4290000e+03
   3.1507000e+04   1.8475000e+04
   3.1201000e+04   1.0594000e+04
   4.3811000e+04   1.7840000e+03
   3.7327000e+04   6.2346000e+04
   5.9845000e+04   2.8200000e+04
   4.1603000e+04   4.1666000e+04
   4.5667000e+04   4.6701000e+04
   4.5583000e+04   5.8994000e+04
   5.1923000e+04   5.0005000e+04
