   4.0235000e+04   2.3345000e+04
   2.8986000e+04   5.6554000e+04
   4.1335000e+04   4.9400000e+04
   5.4819000e+04   1.1394000e+04
   8.7700000e+03   3.3014000e+04
   4.3621000e+04   4.6330000e+03
   5.3581000e+04   3.4524000e+04
   4.6424000e+04   2.5956000e+04
   2.8041000e+04   1.8540000e+04
   5.0692000e+04   1.2015000e+04
   4.3764000e+04   4.7661000e+04
   8.4600000e+03   2.3510000e+03
   1.8876000e+04   1.4406000e+04
   1.3774000e+04   3.8341000e+04
   1.7921000e+04   4.9316000e+04
   2.7138000e+04   6.3233000e+04
   3.0293000e+04   6.1465000e+04
   2.7285000e+04   1.0807000e+04
   3.6629000e+04   4.0101000e+04
