   2.3818000e+04   6.0703000e+04
   5.2668000e+04   4.7200000e+03
   2.0939000e+04   5.3694000e+04
   7.7610000e+03   4.1046000e+04
   1.4039000e+04   1.1307000e+04
   3.1385000e+04   5.7207000e+04
   1.5886000e+04   5.7657000e+04
   1.9144000e+04   1.5397000e+04
   3.4520000e+04   3.6704000e+04
   2.6407000e+04   6.1837000e+04
   5.1421000e+04   2.9996000e+04
   4.3340000e+04   3.0293000e+04
   2.9162000e+04   4.7151000e+04
   1.8022000e+04   5.8513000e+04
   1.7802000e+04   5.4031000e+04
   4.5816000e+04   5.9103000e+04
   1.8231000e+04   6.1844000e+04
