   9.4350000e+03   5.2631000e+04
   4.4120000e+03   4.0479000e+04
   3.8250000e+04   6.2860000e+03
   1.7788000e+04   2.3691000e+04
   2.5138000e+04   4.7960000e+04
   4.9845000e+04   6.0000000e+03
   4.8316000e+04   4.2707000e+04
   6.0637000e+04   1.8449000e+04
   4.8427000e+04   4.7150000e+03
   5.5673000e+04   5.8284000e+04
   5.0569000e+04   5.2107000e+04
   1.9124000e+04   6.0380000e+03
   4.5750000e+03   4.9257000e+04
   5.9075000e+04   1.5237000e+04
   2.2667000e+04   4.8900000e+04
   5.5500000e+04   5.1800000e+04
   1.9691000e+04   5.3982000e+04
   8.6050000e+03   1.1480000e+04
   3.5257000e+04   3.5386000e+04
   6.2931000e+04   1.8426000e+04
   2.8123000e+04   3.4136000e+04
   3.6402000e+04   2.2130000e+03
   6.7210000e+03   4.4139000e+04
   5.8947000e+04   3.6957000e+04
   3.9557000e+04   5.0057000e+04
   3.6533000e+04   5.8043000e+04
   6.8670000e+03   3.5027000e+04
   2.2115000e+04   3.4647000e+04
   6.1836000e+04   5.4700000e+02
   4.1527000e+04   3.2992000e+04
