   3.7130000e+04   1.7869000e+04
   2.1900000e+04   2.5651000e+04
   3.4233000e+04   5.0352000e+04
   3.6363000e+04   6.4568000e+04
   1.1822000e+04   3.1036000e+04
   4.6716000e+04   3.3900000e+03
   2.2128000e+04   3.9359000e+04
   5.3901000e+04   4.7555000e+04
   3.8744000e+04   5.3473000e+04
   4.9507000e+04   1.2448000e+04
   5.2625000e+04   5.6646000e+04
   3.2455000e+04   5.1653000e+04
   8.8470000e+03   4.6986000e+04
   3.2236000e+04   4.6391000e+04
   2.9445000e+04   3.6440000e+03
   1.8195000e+04   5.7378000e+04
   2.7493000e+04   1.0148000e+04
   2.8988000e+04   6.4105000e+04
   1.4781000e+04   4.3499000e+04
   1.9933000e+04   3.0255000e+04
   4.4527000e+04   5.3762000e+04
   5.4798000e+04   3.9630000e+04
   2.4093000e+04   7.8260000e+03
   3.1310000e+04   6.2794000e+04
   3.7499000e+04   2.2470000e+04
   4.9851000e+04   2.7964000e+04
   6.7510000e+03   1.9090000e+04
   6.8650000e+03   3.2923000e+04
   1.5220000e+04   6.3880000e+04
