   2.9899000e+04   2.2480000e+03
   3.6105000e+04   3.9038000e+04
   3.7210000e+04   5.5007000e+04
   1.0622000e+04   1.4108000e+04
   2.0943000e+04   2.5150000e+04
   1.3873000e+04   2.1300000e+03
   2.3204000e+04   5.5252000e+04
   1.9789000e+04   4.8809000e+04
   5.5539000e+04   6.3166000e+04
   4.6357000e+04   4.0236000e+04
   1.5661000e+04   6.0310000e+04
   3.2293000e+04   2.8664000e+04
   4.7516000e+04   1.5970000e+03
   4.1417000e+04   6.3260000e+04
   2.6063000e+04   4.6671000e+04
   4.8667000e+04   4.4989000e+04
   2.7204000e+04   4.2915000e+04
   5.4970000e+04   3.0126000e+04
   4.8855000e+04   4.3119000e+04
   6.0076000e+04   5.5564000e+04
   3.8058000e+04   2.1576000e+04
   2.5867000e+04   6.7580000e+03
   2.7996000e+04   4.2280000e+03
   6.5420000e+03   5.7892000e+04
   3.2173000e+04   2.3718000e+04
   5.9822000e+04   2.9211000e+04
   6.7370000e+03   4.8782000e+04
   3.4502000e+04   6.0040000e+04
   1.5059000e+04   2.5161000e+04
   4.8777000e+04   3.0234000e+04
