   1.0676000e+04   6.2035000e+04
   2.4086000e+04   1.1250000e+03
   5.7710000e+04   5.7234000e+04
   5.6606000e+04   1.2230000e+03
   5.0603000e+04   2.0928000e+04
   2.9095000e+04   9.1490000e+03
   2.3942000e+04   1.8120000e+03
   4.5291000e+04   6.3720000e+03
   1.9628000e+04   3.5482000e+04
   1.8707000e+04   1.9995000e+04
   4.9467000e+04   5.7674000e+04
   2.8007000e+04   1.6472000e+04
   4.0328000e+04   5.4714000e+04
   4.2456000e+04   6.3873000e+04
   4.9261000e+04   4.0130000e+04
   2.4748000e+04   9.6450000e+03
   5.1373000e+04   3.4929000e+04
   1.0594000e+04   3.2382000e+04
   5.5773000e+04   5.3133000e+04
   5.8895000e+04   4.6830000e+03
   5.2837000e+04   6.3919000e+04
   5.7490000e+03   5.1410000e+03
   4.4678000e+04   2.4777000e+04
   5.0885000e+04   4.8193000e+04
   3.5368000e+04   3.6231000e+04
   1.9547000e+04   2.4765000e+04
   4.8617000e+04   2.5943000e+04
   2.5691000e+04   5.2549000e+04
   3.6104000e+04   4.9425000e+04
   3.2023000e+04   1.9993000e+04
   3.4971000e+04   6.2465000e+04
   5.6413000e+04   6.4549000e+04
   5.6495000e+04   5.0031000e+04
   2.9271000e+04   1.2851000e+04
   4.2742000e+04   4.6355000e+04
