   5.3577000e+04   3.7422000e+04
   1.8825000e+04   1.2588000e+04
   5.5684000e+04   6.4194000e+04
   4.5558000e+04   3.0231000e+04
   1.8955000e+04   2.8259000e+04
   5.6490000e+03   6.3937000e+04
   5.6883000e+04   7.5860000e+03
   2.7192000e+04   7.9420000e+03
   6.1008000e+04   6.3430000e+03
   1.8070000e+04   4.8436000e+04
   5.8128000e+04   6.1965000e+04
   9.8610000e+03   5.3302000e+04
   4.0328000e+04   5.4714000e+04
   5.6788000e+04   4.9854000e+04
   4.6393000e+04   3.2854000e+04
   8.5390000e+03   6.0813000e+04
   3.3130000e+04   1.3912000e+04
   1.4828000e+04   4.4846000e+04
   3.1240000e+04   2.5311000e+04
   6.0930000e+04   2.4871000e+04
   1.7987000e+04   4.3841000e+04
   5.0867000e+04   2.4220000e+04
   1.5142000e+04   6.2347000e+04
   2.6438000e+04   1.3273000e+04
   3.6661000e+04   6.4029000e+04
