   1.9873000e+04   3.6830000e+03
   2.1076000e+04   4.6490000e+04
   5.8678000e+04   5.9400000e+03
   5.7804000e+04   3.2602000e+04
   5.1738000e+04   5.0012000e+04
   5.0776000e+04   6.0372000e+04
   4.5718000e+04   1.5367000e+04
   2.1790000e+04   1.4786000e+04
   1.1778000e+04   1.0126000e+04
   2.9237000e+04   3.9603000e+04
   3.2373000e+04   5.0651000e+04
   2.6276000e+04   9.7250000e+03
   2.9139000e+04   2.1183000e+04
   4.3575000e+04   5.0765000e+04
   4.8439000e+04   4.9536000e+04
   4.8618000e+04   3.1954000e+04
