   5.0572000e+04   1.0751000e+04
   2.9174000e+04   4.6767000e+04
   1.8964000e+04   5.3896000e+04
   2.5254000e+04   6.3881000e+04
   4.3482000e+04   7.8550000e+03
   4.4348000e+04   6.2366000e+04
   3.4170000e+04   2.1599000e+04
   5.3534000e+04   4.9121000e+04
   5.1659000e+04   6.4479000e+04
   3.0907000e+04   1.1499000e+04
   1.7727000e+04   8.3240000e+03
   5.7834000e+04   2.9773000e+04
   4.0473000e+04   4.8096000e+04
   3.0279000e+04   5.9981000e+04
   3.6440000e+04   4.5986000e+04
   5.0840000e+04   4.7437000e+04
   1.5061000e+04   6.4390000e+03
   2.8406000e+04   3.1863000e+04
   4.0137000e+04   3.9019000e+04
   3.6122000e+04   5.6870000e+03
   4.0297000e+04   1.0633000e+04
