   2.8972000e+04   2.4496000e+04
   1.1693000e+04   2.3980000e+04
   1.0945000e+04   5.0143000e+04
   3.5546000e+04   4.8208000e+04
   3.1497000e+04   8.2780000e+03
   4.4809000e+04   2.9440000e+03
   5.9679000e+04   3.1857000e+04
   3.1212000e+04   3.5914000e+04
   2.2195000e+04   5.9964000e+04
   4.5675000e+04   9.0760000e+03
   4.9802000e+04   5.1975000e+04
   5.7978000e+04   5.9751000e+04
   4.0077000e+04   5.9718000e+04
   3.0908000e+04   1.9726000e+04
   2.1740000e+04   1.6578000e+04
   8.4930000e+03   5.2490000e+04
   1.2830000e+04   2.2627000e+04
   5.1930000e+04   6.3100000e+02
   3.7722000e+04   1.5271000e+04
   4.7341000e+04   6.2615000e+04
   3.8252000e+04   2.9490000e+04
   4.1531000e+04   6.3981000e+04
   2.6175000e+04   4.7096000e+04
   4.1403000e+04   8.3630000e+03
   2.6060000e+04   3.0910000e+03
   6.2044000e+04   5.5244000e+04
