   2.4068000e+04   5.6369000e+04
   2.8274000e+04   3.7233000e+04
   2.5940000e+04   6.2527000e+04
   3.6529000e+04   4.2306000e+04
   3.2194000e+04   2.0030000e+03
   3.0083000e+04   4.9049000e+04
   4.0432000e+04   2.4594000e+04
   2.3139000e+04   4.5362000e+04
   1.8163000e+04   4.3557000e+04
   3.1042000e+04   3.0130000e+04
   8.6160000e+03   2.1651000e+04
   5.2671000e+04   3.1295000e+04
   2.6052000e+04   4.0288000e+04
   5.0735000e+04   4.3629000e+04
   1.2585000e+04   5.0996000e+04
   3.4369000e+04   2.9937000e+04
   2.2211000e+04   6.0353000e+04
