   1.9867000e+04   6.3863000e+04
   1.9124000e+04   6.0380000e+03
   2.1786000e+04   2.5191000e+04
   1.2635000e+04   9.4810000e+03
   4.4456000e+04   2.3890000e+03
   3.0169000e+04   2.3038000e+04
   5.0647000e+04   1.8536000e+04
   2.7365000e+04   3.8000000e+03
   3.0299000e+04   1.9502000e+04
   3.7528000e+04   2.4983000e+04
   5.8131000e+04   1.8326000e+04
   5.7221000e+04   1.2382000e+04
   2.3365000e+04   1.9311000e+04
   4.0265000e+04   3.0056000e+04
   1.4928000e+04   3.4627000e+04
   4.1877000e+04   4.3633000e+04
   5.6713000e+04   5.5122000e+04
   5.5877000e+04   3.5441000e+04
   4.0536000e+04   2.8904000e+04
   2.9347000e+04   2.7523000e+04
   1.2100000e+04   2.5535000e+04
   2.3461000e+04   3.5096000e+04
