   1.1630000e+04   4.0766000e+04
   1.6897000e+04   2.8448000e+04
   1.6995000e+04   5.4031000e+04
   2.9398000e+04   1.7095000e+04
   5.5518000e+04   3.8394000e+04
   5.9663000e+04   4.7281000e+04
   5.6637000e+04   3.4716000e+04
   5.1643000e+04   1.0260000e+04
   4.4172000e+04   2.5956000e+04
   6.0957000e+04   1.0504000e+04
   5.5947000e+04   2.0720000e+03
   2.8081000e+04   3.9713000e+04
   3.3067000e+04   9.6940000e+03
   3.3318000e+04   5.1230000e+04
   2.7996000e+04   4.2280000e+03
   6.0877000e+04   1.3245000e+04
   5.5835000e+04   1.7990000e+04
   2.2993000e+04   3.4945000e+04
   4.6680000e+04   1.8024000e+04
   3.5447000e+04   7.9850000e+03
   4.7783000e+04   3.1970000e+03
   6.1116000e+04   4.4513000e+04
   5.7065000e+04   1.8224000e+04
   2.5787000e+04   5.8845000e+04
   4.2711000e+04   2.0460000e+03
   4.1340000e+04   3.7467000e+04
   4.5450000e+04   5.0797000e+04
   4.4489000e+04   2.3726000e+04
   2.4100000e+04   4.5815000e+04
   5.2936000e+04   5.8645000e+04
   5.8750000e+04   4.5460000e+03
