   2.1090000e+04   9.1080000e+03
   4.0676000e+04   5.7222000e+04
   3.3508000e+04   1.3211000e+04
   5.7576000e+04   1.2765000e+04
   4.8642000e+04   1.9570000e+03
   5.9941000e+04   5.5799000e+04
   3.0907000e+04   1.1499000e+04
   3.9164000e+04   5.9998000e+04
   3.7164000e+04   4.3167000e+04
   2.7965000e+04   2.6982000e+04
   3.3199000e+04   2.2092000e+04
   2.1985000e+04   7.8350000e+03
   1.6898000e+04   4.2861000e+04
   3.1331000e+04   3.6179000e+04
   2.0147000e+04   1.2868000e+04
   4.9956000e+04   2.7378000e+04
   5.1465000e+04   5.3215000e+04
   4.2315000e+04   6.3342000e+04
   4.5684000e+04   2.7096000e+04
   6.2116000e+04   5.5651000e+04
   5.3737000e+04   1.9803000e+04
