   2.8044000e+04   3.7505000e+04
   1.7870000e+04   2.4101000e+04
   1.0783000e+04   8.1100000e+02
   2.9335000e+04   5.8610000e+04
   4.9323000e+04   4.7037000e+04
   4.7355000e+04   4.7838000e+04
   5.6633000e+04   4.0234000e+04
   4.3434000e+04   2.3298000e+04
   2.2148000e+04   3.0834000e+04
   5.7000000e+04   3.4151000e+04
   6.2167000e+04   1.5548000e+04
   3.9179000e+04   2.0792000e+04
   2.9166000e+04   1.8674000e+04
   3.8504000e+04   5.5435000e+04
   3.5293000e+04   5.7289000e+04
   6.0920000e+04   2.9757000e+04
   5.5721000e+04   1.1555000e+04
