   4.6395000e+04   3.8168000e+04
   3.6237000e+04   1.3652000e+04
   2.5007000e+04   1.3743000e+04
   4.3470000e+04   7.3240000e+03
   2.1983000e+04   6.2640000e+03
   3.4369000e+04   2.9937000e+04
   1.4930000e+04   5.6086000e+04
   4.0284000e+04   5.2220000e+04
   6.2777000e+04   2.9400000e+03
   5.0571000e+04   6.4960000e+03
   5.4019000e+04   2.1986000e+04
   1.6833000e+04   6.0670000e+03
   2.5249000e+04   3.2081000e+04
   6.0872000e+04   6.7560000e+03
   5.5868000e+04   3.5690000e+03
   2.7234000e+04   3.3317000e+04
   3.1491000e+04   6.5499000e+04
   6.0052000e+04   6.0000000e+00
   4.9826000e+04   4.1546000e+04
   2.2797000e+04   2.7769000e+04
   3.1217000e+04   4.6166000e+04
   4.0529000e+04   5.4729000e+04
   4.5875000e+04   2.4463000e+04
   5.2131000e+04   2.5599000e+04
   4.0675000e+04   2.2828000e+04
   5.1775000e+04   3.4619000e+04
