   3.4907000e+04   4.1308000e+04
   2.8079000e+04   2.9480000e+03
   2.5073000e+04   5.2327000e+04
   3.8515000e+04   1.2181000e+04
   2.3234000e+04   4.1247000e+04
   6.1656000e+04   3.8734000e+04
   2.8893000e+04   2.3347000e+04
   2.5902000e+04   5.5624000e+04
   5.1448000e+04   3.4721000e+04
   4.3323000e+04   6.2971000e+04
   5.8694000e+04   2.5835000e+04
   3.7555000e+04   6.2259000e+04
   4.5501000e+04   1.7349000e+04
   4.5570000e+04   6.7680000e+03
   1.9547000e+04   2.4765000e+04
   1.4559000e+04   4.8245000e+04
   3.6076000e+04   5.9783000e+04
   1.7760000e+04   4.2210000e+04
   3.3265000e+04   3.3614000e+04
   8.7220000e+03   2.3624000e+04
   1.5970000e+04   1.8833000e+04
   3.1524000e+04   1.9199000e+04
   4.0367000e+04   3.6121000e+04
   5.0947000e+04   3.9792000e+04
   5.3607000e+04   1.0647000e+04
   6.0176000e+04   3.2420000e+04
