   1.4862000e+04   5.7614000e+04
   4.3528000e+04   5.5805000e+04
   5.0726000e+04   9.6020000e+03
   1.7987000e+04   4.3841000e+04
   1.2897000e+04   1.6480000e+04
   1.5126000e+04   6.2780000e+04
   4.2188000e+04   2.5075000e+04
   3.8139000e+04   4.0391000e+04
   2.7932000e+04   3.1277000e+04
   2.1852000e+04   5.4712000e+04
   5.5780000e+04   4.5873000e+04
   4.7750000e+04   4.2900000e+03
   1.1988000e+04   7.9600000e+03
   4.7494000e+04   4.5012000e+04
   2.3003000e+04   3.0300000e+03
   3.0360000e+04   3.0862000e+04
   3.4107000e+04   6.1631000e+04
   5.5636000e+04   2.4758000e+04
   6.6210000e+03   4.8939000e+04
   2.7156000e+04   1.8040000e+03
   3.1320000e+04   3.0904000e+04
   1.6037000e+04   9.0400000e+03
   4.1671000e+04   6.5197000e+04
