   1.1595000e+04   1.3292000e+04
   3.5143000e+04   5.4482000e+04
   5.1761000e+04   1.1172000e+04
   3.6294000e+04   2.2640000e+03
   4.8785000e+04   6.4102000e+04
   3.9698000e+04   4.5020000e+03
   4.4469000e+04   5.3473000e+04
   2.1961000e+04   4.7713000e+04
   2.8182000e+04   1.9198000e+04
   3.8452000e+04   2.3778000e+04
   2.0261000e+04   3.2960000e+03
   2.2117000e+04   6.1334000e+04
   6.0126000e+04   4.2433000e+04
   9.9400000e+03   5.3875000e+04
   1.6021000e+04   5.8777000e+04
   4.0310000e+04   1.4420000e+04
   4.9588000e+04   3.3009000e+04
   6.2990000e+04   2.5869000e+04
   5.5087000e+04   2.9154000e+04
   3.4659000e+04   4.8809000e+04
   1.6811000e+04   2.9055000e+04
   1.6899000e+04   6.5429000e+04
   3.1396000e+04   1.1290000e+04
   5.0065000e+04   2.5135000e+04
   4.2707000e+04   2.3678000e+04
   4.5889000e+04   3.9074000e+04
   1.2069000e+04   1.6648000e+04
