   2.4893000e+04   5.5661000e+04
   1.1665000e+04   6.9650000e+03
   3.8300000e+04   3.8834000e+04
   1.5810000e+04   2.0525000e+04
   3.2259000e+04   4.6255000e+04
   7.7300000e+03   3.1760000e+03
   3.8484000e+04   3.0968000e+04
   4.3399000e+04   3.7706000e+04
   4.4533000e+04   6.3300000e+04
   1.4980000e+04   4.7534000e+04
   5.6757000e+04   1.4748000e+04
   2.2993000e+04   3.4945000e+04
   2.3140000e+04   1.3180000e+04
   3.0372000e+04   1.6430000e+04
   3.8644000e+04   3.1000000e+04
   1.2068000e+04   8.4920000e+03
