   5.0833000e+04   5.0136000e+04
   5.3119000e+04   6.4148000e+04
   3.4342000e+04   2.9915000e+04
   4.7857000e+04   5.0117000e+04
   4.2517000e+04   1.7012000e+04
   2.1033000e+04   1.0530000e+03
   4.2723000e+04   6.4405000e+04
   2.6229000e+04   5.7491000e+04
   3.6500000e+04   5.5485000e+04
   6.1103000e+04   1.0100000e+02
   2.0165000e+04   4.3203000e+04
   3.7794000e+04   5.8607000e+04
   9.0120000e+03   5.7663000e+04
   5.8223000e+04   5.7100000e+04
   1.9333000e+04   3.9590000e+03
   4.8644000e+04   5.2436000e+04
   4.9746000e+04   1.4630000e+04
   1.5093000e+04   4.9296000e+04
   1.5883000e+04   3.0828000e+04
   2.9413000e+04   3.1737000e+04
   4.1779000e+04   1.2314000e+04
   4.4961000e+04   4.7202000e+04
   3.4644000e+04   1.7330000e+04
