   3.7015000e+04   3.9785000e+04
   2.0729000e+04   4.2596000e+04
   4.2279000e+04   2.0191000e+04
   5.9970000e+04   7.2120000e+03
   1.2946000e+04   4.6220000e+04
   5.4992000e+04   9.6490000e+03
   5.1606000e+04   1.0092000e+04
   4.6628000e+04   4.2879000e+04
   4.5715000e+04   2.8430000e+03
   4.9921000e+04   5.1090000e+03
   5.3038000e+04   1.5009000e+04
   4.1825000e+04   1.0513000e+04
   5.2725000e+04   1.5710000e+03
   6.1957000e+04   5.5604000e+04
   5.7300000e+03   1.3270000e+04
   5.4852000e+04   3.4843000e+04
   5.4142000e+04   3.0973000e+04
   8.2830000e+03   6.3584000e+04
   2.2681000e+04   3.2804000e+04
   1.4539000e+04   1.3958000e+04
   2.9895000e+04   4.1307000e+04
   2.4873000e+04   1.0670000e+03
   3.6135000e+04   1.0950000e+03
   1.4652000e+04   3.1177000e+04
   8.5430000e+03   6.1476000e+04
   4.7541000e+04   5.4412000e+04
   5.5750000e+04   3.0616000e+04
   7.6490000e+03   3.3579000e+04
   2.1059000e+04   5.6400000e+03
   2.3331000e+04   4.2623000e+04
   2.3026000e+04   3.4295000e+04
   2.7236000e+04   4.6653000e+04
   3.7682000e+04   6.1055000e+04
   3.2247000e+04   5.1344000e+04
   3.5507000e+04   4.8656000e+04
   4.7967000e+04   9.7440000e+03
   3.7444000e+04   3.3650000e+03
