   4.5259000e+04   6.1794000e+04
   3.6058000e+04   6.1127000e+04
   4.3386000e+04   3.2476000e+04
   1.8910000e+04   3.9487000e+04
   2.9231000e+04   3.4447000e+04
   5.1865000e+04   3.9543000e+04
   3.6548000e+04   5.8681000e+04
   3.2531000e+04   4.6200000e+04
   4.2235000e+04   4.1310000e+04
   3.8203000e+04   2.5132000e+04
   5.3513000e+04   6.9520000e+03
   2.8077000e+04   6.4751000e+04
   5.4661000e+04   3.6781000e+04
   5.5805000e+04   1.5650000e+04
   4.4556000e+04   3.5261000e+04
   3.4368000e+04   2.4894000e+04
   4.5656000e+04   1.6548000e+04
   2.6274000e+04   1.3594000e+04
   4.9465000e+04   2.5544000e+04
   1.9805000e+04   3.7995000e+04
   3.6300000e+04   2.8675000e+04
   4.0493000e+04   1.8987000e+04
   3.4171000e+04   4.6614000e+04
   5.8105000e+04   6.0227000e+04
