   2.1803000e+04   1.9548000e+04
   1.2669000e+04   3.7383000e+04
   2.8010000e+04   8.9770000e+03
   5.2600000e+04   1.2540000e+03
   5.9815000e+04   3.1775000e+04
   3.5477000e+04   6.9320000e+03
   2.9898000e+04   4.7812000e+04
   4.5257000e+04   2.8492000e+04
   1.1581000e+04   4.4526000e+04
   3.8280000e+04   1.1230000e+04
   2.3057000e+04   5.8085000e+04
   9.8100000e+03   1.4290000e+03
   2.8276000e+04   5.6910000e+03
   1.5060000e+04   6.4894000e+04
   2.3333000e+04   2.7481000e+04
   4.9449000e+04   2.2065000e+04
   2.0051000e+04   1.3796000e+04
   3.9701000e+04   1.6066000e+04
   3.8394000e+04   6.3174000e+04
   4.9687000e+04   2.0819000e+04
   4.5638000e+04   5.5881000e+04
