   2.2684000e+04   6.6170000e+03
   2.8324000e+04   5.8149000e+04
   5.3527000e+04   2.2816000e+04
   5.8130000e+04   3.2852000e+04
   5.9718000e+04   3.8405000e+04
   4.1369000e+04   3.1947000e+04
   5.5701000e+04   6.4363000e+04
   4.3477000e+04   5.8266000e+04
   5.7876000e+04   3.7417000e+04
   3.9113000e+04   2.7609000e+04
   2.3788000e+04   3.6680000e+03
   1.5613000e+04   2.1654000e+04
   6.0680000e+04   3.6360000e+03
   2.8939000e+04   2.0666000e+04
   9.5190000e+03   7.2530000e+03
   1.9807000e+04   5.7838000e+04
   8.6090000e+03   5.8238000e+04
   1.4802000e+04   1.6082000e+04
   1.8979000e+04   3.5246000e+04
   3.5428000e+04   3.8787000e+04
   1.1891000e+04   2.0306000e+04
   3.7604000e+04   1.6109000e+04
   3.7668000e+04   6.3446000e+04
   3.9477000e+04   5.6935000e+04
   5.3972000e+04   2.0094000e+04
   3.6236000e+04   4.0554000e+04
   4.9749000e+04   2.9989000e+04
   6.2131000e+04   1.1691000e+04
