   5.2595000e+04   1.5313000e+04
   5.6340000e+03   6.0041000e+04
   5.5690000e+03   4.9443000e+04
   1.4981000e+04   1.9908000e+04
   5.6738000e+04   1.1048000e+04
   5.7825000e+04   2.7026000e+04
   5.2866000e+04   2.4920000e+04
   4.7699000e+04   5.7566000e+04
   3.9192000e+04   1.4461000e+04
   6.0000000e+04   4.1920000e+04
   9.7630000e+03   2.2292000e+04
   1.4783000e+04   6.5493000e+04
   5.2691000e+04   2.8740000e+03
   4.9683000e+04   5.1709000e+04
   4.2723000e+04   6.4405000e+04
   4.5731000e+04   7.8300000e+03
