   1.2826000e+04   2.0333000e+04
   4.4573000e+04   6.4636000e+04
   2.2249000e+04   3.5886000e+04
   1.7176000e+04   1.3300000e+02
   3.3624000e+04   4.9247000e+04
   1.5706000e+04   3.2800000e+04
   4.0284000e+04   5.2220000e+04
   6.1982000e+04   3.1610000e+03
   4.8749000e+04   3.6020000e+04
   4.2684000e+04   3.8870000e+03
   2.8486000e+04   1.9084000e+04
   1.7271000e+04   1.4362000e+04
   3.4204000e+04   5.5541000e+04
   6.0878000e+04   3.1890000e+04
   2.3002000e+04   4.1055000e+04
   2.0026000e+04   3.7923000e+04
   5.7100000e+03   3.6246000e+04
   5.9007000e+04   1.1219000e+04
   9.9100000e+03   5.6002000e+04
   8.6660000e+03   9.2080000e+03
   7.9270000e+03   6.3327000e+04
   1.0119000e+04   9.0000000e+02
