   5.2797000e+04   7.0690000e+03
   4.1595000e+04   4.4634000e+04
   3.8713000e+04   2.6820000e+03
   3.4252000e+04   4.5353000e+04
   3.6188000e+04   5.4295000e+04
   4.0396000e+04   2.7756000e+04
   7.5980000e+03   1.8614000e+04
   5.4591000e+04   4.8027000e+04
   5.7743000e+04   4.5389000e+04
   1.9965000e+04   9.9230000e+03
   5.6956000e+04   9.9440000e+03
   1.1920000e+04   8.7600000e+02
   2.3203000e+04   1.2625000e+04
   4.6794000e+04   2.9632000e+04
   5.0906000e+04   3.3597000e+04
   4.4286000e+04   8.0500000e+03
