   2.9866000e+04   6.2060000e+03
   1.7596000e+04   5.6817000e+04
   4.6341000e+04   1.4673000e+04
   5.8687000e+04   5.3430000e+03
   1.0590000e+04   5.3568000e+04
   5.6686000e+04   2.3352000e+04
   3.8283000e+04   1.7081000e+04
   2.0911000e+04   7.1540000e+03
   1.4849000e+04   5.0067000e+04
   8.8180000e+03   3.8426000e+04
   2.3187000e+04   4.1130000e+03
   4.7240000e+04   2.7670000e+03
   3.9065000e+04   5.5289000e+04
   1.9757000e+04   1.7970000e+03
   5.5523000e+04   5.2274000e+04
   3.2261000e+04   3.6980000e+03
   2.5023000e+04   2.6063000e+04
   4.7627000e+04   5.1530000e+04
   2.7188000e+04   5.3854000e+04
   4.8855000e+04   4.3119000e+04
   5.3946000e+04   3.5379000e+04
   6.0060000e+04   6.4745000e+04
   4.1702000e+04   4.3823000e+04
   2.5835000e+04   3.1846000e+04
   3.8169000e+04   5.3922000e+04
   2.8988000e+04   6.4105000e+04
   4.9549000e+04   6.3944000e+04
   3.0109000e+04   5.7418000e+04
   3.3461000e+04   6.5131000e+04
   4.7737000e+04   4.9671000e+04
