   2.8008000e+04   2.0409000e+04
   4.7524000e+04   3.1700000e+02
   3.9430000e+04   8.2370000e+03
   2.4087000e+04   3.4778000e+04
   4.9747000e+04   3.6634000e+04
   4.7794000e+04   2.1022000e+04
   4.6425000e+04   5.9940000e+04
   1.2681000e+04   4.9969000e+04
   5.1730000e+04   5.1922000e+04
   3.4200000e+04   8.4960000e+03
   9.8610000e+03   5.3302000e+04
   4.2691000e+04   5.7070000e+03
   2.3833000e+04   4.5020000e+04
   4.0281000e+04   9.2980000e+03
   1.0731000e+04   4.0936000e+04
   1.0819000e+04   1.2070000e+03
   1.5956000e+04   4.8468000e+04
