   4.0217000e+04   6.3821000e+04
   3.1035000e+04   3.2583000e+04
   1.1645000e+04   6.3881000e+04
   6.0848000e+04   6.2037000e+04
   1.2766000e+04   3.3935000e+04
   5.6738000e+04   1.1048000e+04
   4.4728000e+04   5.1320000e+03
   1.5268000e+04   2.2250000e+04
   4.7567000e+04   4.9171000e+04
   5.6027000e+04   4.2488000e+04
   1.6781000e+04   5.7021000e+04
   4.9677000e+04   1.5300000e+04
   2.7215000e+04   1.2596000e+04
   1.8048000e+04   4.4932000e+04
   4.8010000e+03   3.4512000e+04
   2.8356000e+04   1.1393000e+04
   2.3299000e+04   9.9130000e+03
   6.1228000e+04   1.9678000e+04
   4.8983000e+04   1.8217000e+04
   2.2356000e+04   3.1446000e+04
   5.6214000e+04   5.4340000e+04
   4.0806000e+04   5.8061000e+04
   5.8676000e+04   6.2891000e+04
   2.7003000e+04   4.1986000e+04
   3.9353000e+04   7.4860000e+03
   1.9918000e+04   2.9660000e+03
   3.3445000e+04   1.4565000e+04
   2.3996000e+04   1.6327000e+04
   3.4332000e+04   2.7600000e+02
   2.3086000e+04   6.0701000e+04
   3.8486000e+04   6.0160000e+03
   3.4613000e+04   5.1141000e+04
   9.0440000e+03   1.7044000e+04
   3.0172000e+04   5.2565000e+04
   5.0921000e+04   5.5666000e+04
   4.6871000e+04   3.3954000e+04
