   2.7018000e+04   3.9554000e+04
   2.0891000e+04   4.9661000e+04
   4.2425000e+04   2.6105000e+04
   1.5804000e+04   2.1327000e+04
   2.1004000e+04   4.9378000e+04
   5.3768000e+04   1.7152000e+04
   9.8550000e+03   5.9927000e+04
   3.0186000e+04   4.2482000e+04
   4.7639000e+04   3.1242000e+04
   2.9507000e+04   1.8676000e+04
   7.7270000e+03   3.5952000e+04
   5.0790000e+04   6.4406000e+04
   3.9479000e+04   6.3594000e+04
   2.7327000e+04   2.5035000e+04
   1.8047000e+04   1.2840000e+03
   3.7527000e+04   5.3537000e+04
   3.2410000e+04   1.0681000e+04
   2.4290000e+04   2.2945000e+04
   3.6596000e+04   2.5062000e+04
   4.8980000e+03   1.3405000e+04
   1.4098000e+04   1.8283000e+04
   2.0339000e+04   6.4551000e+04
   5.8952000e+04   3.8998000e+04
   5.9059000e+04   1.8972000e+04
   5.9266000e+04   6.7860000e+03
