   4.0156000e+04   3.1290000e+03
   3.4093000e+04   3.4332000e+04
   3.0079000e+04   2.5881000e+04
   3.2306000e+04   1.8492000e+04
   3.3492000e+04   2.9750000e+03
   4.2316000e+04   4.3170000e+04
   5.8649000e+04   6.3980000e+03
   4.6442000e+04   6.0700000e+03
   4.0465000e+04   5.5551000e+04
   2.6113000e+04   2.2800000e+04
   5.2760000e+04   6.4769000e+04
   4.3604000e+04   5.8325000e+04
   5.8023000e+04   1.1270000e+03
   2.2894000e+04   5.8088000e+04
   4.2677000e+04   5.8506000e+04
   4.5797000e+04   2.6319000e+04
   5.8118000e+04   3.5480000e+03
   5.2934000e+04   2.3047000e+04
   6.2058000e+04   1.2822000e+04
   5.6791000e+04   3.0670000e+04
   5.7894000e+04   2.6334000e+04
