   1.2737000e+04   1.7245000e+04
   6.7390000e+03   1.2715000e+04
   1.9141000e+04   5.2125000e+04
   5.3464000e+04   3.4375000e+04
   3.3381000e+04   6.8970000e+03
   5.6082000e+04   5.0387000e+04
   5.7654000e+04   4.9965000e+04
   6.0789000e+04   3.8529000e+04
   5.3638000e+04   3.8145000e+04
   6.2019000e+04   2.7642000e+04
   4.5542000e+04   3.8534000e+04
   5.5812000e+04   2.2406000e+04
   2.6778000e+04   2.4700000e+02
   2.0668000e+04   4.4109000e+04
   1.5564000e+04   5.9547000e+04
   9.4860000e+03   5.8121000e+04
   6.5940000e+03   1.9600000e+03
   1.6947000e+04   1.5280000e+04
   2.6308000e+04   3.4654000e+04
   4.0789000e+04   5.1798000e+04
   3.6041000e+04   2.2798000e+04
   5.8600000e+04   1.3090000e+04
   2.6892000e+04   6.0693000e+04
   1.7775000e+04   2.5251000e+04
   3.6581000e+04   3.0597000e+04
   5.0440000e+04   8.0940000e+03
   5.0995000e+04   4.7683000e+04
   3.7429000e+04   5.3212000e+04
   5.1908000e+04   1.2153000e+04
   4.7701000e+04   1.1211000e+04
   4.0361000e+04   3.8300000e+03
   6.0067000e+04   4.2888000e+04
