   2.4747000e+04   4.4870000e+04
   1.4637000e+04   1.3334000e+04
   3.2058000e+04   2.7360000e+04
   5.1551000e+04   7.7640000e+03
   6.5100000e+03   3.1290000e+04
   1.5791000e+04   9.7220000e+03
   2.0912000e+04   6.3227000e+04
   3.3223000e+04   5.5180000e+04
   4.9723000e+04   4.9986000e+04
   3.6567000e+04   3.4878000e+04
   5.1958000e+04   6.0770000e+04
   2.0228000e+04   1.7345000e+04
   5.5679000e+04   2.8209000e+04
   3.9433000e+04   2.7311000e+04
   5.3900000e+03   3.6404000e+04
   4.1206000e+04   5.0510000e+04
   4.2349000e+04   1.1091000e+04
   3.7141000e+04   1.5527000e+04
   2.8165000e+04   3.4110000e+04
   2.3092000e+04   4.1347000e+04
   4.9834000e+04   3.5530000e+04
   4.4727000e+04   3.7809000e+04
   1.3858000e+04   1.6766000e+04
   6.8510000e+03   3.9112000e+04
   1.1028000e+04   1.6910000e+03
   3.6009000e+04   3.7496000e+04
   4.8308000e+04   4.4986000e+04
   2.0715000e+04   6.0314000e+04
   2.2844000e+04   4.5151000e+04
   2.8045000e+04   4.7188000e+04
   4.0568000e+04   4.2670000e+03
   1.8052000e+04   2.8135000e+04
   2.9350000e+04   3.2492000e+04
   5.8045000e+04   1.5494000e+04
