   2.4064000e+04   6.3778000e+04
   3.2404000e+04   4.7756000e+04
   2.3252000e+04   4.7575000e+04
   5.2968000e+04   6.4720000e+03
   4.1228000e+04   4.3775000e+04
   3.8319000e+04   4.1548000e+04
   4.8646000e+04   1.7720000e+04
   3.4549000e+04   2.3525000e+04
   3.7085000e+04   5.1780000e+03
   2.8990000e+04   3.0710000e+04
   2.6047000e+04   9.1480000e+03
   2.5202000e+04   3.4340000e+03
   4.0598000e+04   6.0055000e+04
   5.7111000e+04   1.0159000e+04
   2.6485000e+04   3.7286000e+04
   3.1655000e+04   4.4990000e+04
   5.0331000e+04   5.9252000e+04
   4.0467000e+04   4.0759000e+04
   5.1498000e+04   6.0616000e+04
   5.2726000e+04   5.4635000e+04
