   5.2445000e+04   4.2932000e+04
   5.0540000e+04   1.1863000e+04
   4.6240000e+03   9.2460000e+03
   4.1595000e+04   4.4634000e+04
   2.9351000e+04   4.9678000e+04
   2.2278000e+04   2.3585000e+04
   5.1660000e+04   5.4890000e+03
   5.8719000e+04   3.4355000e+04
   3.5162000e+04   3.6989000e+04
   3.0074000e+04   1.4610000e+04
   3.6314000e+04   1.3480000e+03
   1.2850000e+04   4.8324000e+04
   5.8910000e+04   3.2330000e+03
   5.1741000e+04   5.5940000e+04
   5.0844000e+04   1.1304000e+04
   1.3029000e+04   1.3684000e+04
   7.3870000e+03   5.2685000e+04
   2.7882000e+04   2.6690000e+03
   5.5597000e+04   1.6684000e+04
   2.6121000e+04   2.2558000e+04
   1.6763000e+04   3.7381000e+04
   5.1950000e+04   5.2917000e+04
   1.5870000e+04   4.8145000e+04
   3.4552000e+04   5.0656000e+04
