   1.8047000e+04   1.2840000e+03
   3.5686000e+04   2.9897000e+04
   5.6011000e+04   2.2927000e+04
   4.2250000e+04   1.8370000e+04
   5.2827000e+04   4.7090000e+04
   4.8554000e+04   5.1700000e+04
   4.4490000e+04   6.0232000e+04
   4.3767000e+04   4.3113000e+04
   2.7282000e+04   1.6560000e+03
   5.0968000e+04   4.3400000e+02
   9.9030000e+03   4.5905000e+04
   1.5107000e+04   3.7192000e+04
   5.7145000e+04   6.0730000e+03
   2.5413000e+04   6.3495000e+04
   1.1580000e+04   1.0444000e+04
   1.9771000e+04   4.0069000e+04
   4.0250000e+04   1.7177000e+04
   1.6942000e+04   2.2126000e+04
   1.5172000e+04   1.9368000e+04
   3.0171000e+04   1.3068000e+04
   3.0302000e+04   1.6916000e+04
   4.5721000e+04   2.1425000e+04
   4.0537000e+04   2.3544000e+04
