   2.0914000e+04   3.4488000e+04
   2.7044000e+04   5.1998000e+04
   6.0907000e+04   5.0119000e+04
   3.4262000e+04   5.6965000e+04
   5.5596000e+04   4.6314000e+04
   3.1057000e+04   3.3897000e+04
   6.0654000e+04   3.0511000e+04
   5.1452000e+04   1.5526000e+04
   5.8541000e+04   2.3829000e+04
   6.0165000e+04   5.9768000e+04
   2.9964000e+04   8.0830000e+03
   3.7303000e+04   1.9600000e+03
   1.1731000e+04   1.6566000e+04
   5.9772000e+04   4.7560000e+04
   2.8358000e+04   2.7880000e+03
   5.0649000e+04   2.6491000e+04
   5.2760000e+04   6.4769000e+04
   6.2117000e+04   2.2246000e+04
   3.0859000e+04   6.2860000e+03
   2.2004000e+04   4.4292000e+04
   3.4390000e+04   4.4820000e+04
   4.4663000e+04   3.0150000e+04
   3.6535000e+04   1.2740000e+03
   3.9671000e+04   3.9834000e+04
   1.7190000e+04   6.0536000e+04
   2.8502000e+04   2.6693000e+04
   3.9431000e+04   6.1900000e+02
   3.6011000e+04   5.9115000e+04
   4.5291000e+04   6.3720000e+03
   3.8157000e+04   3.5848000e+04
   4.7433000e+04   2.6300000e+03
   4.1319000e+04   2.1336000e+04
   5.8922000e+04   3.0983000e+04
   5.2934000e+04   2.3047000e+04
   4.2807000e+04   2.9819000e+04
   1.1892000e+04   4.5338000e+04
