   2.7850000e+04   2.5823000e+04
   6.0734000e+04   1.6875000e+04
   5.5708000e+04   4.7132000e+04
   2.6057000e+04   9.4060000e+03
   9.7450000e+03   1.6858000e+04
   1.6038000e+04   6.0745000e+04
   3.7544000e+04   1.9154000e+04
   2.4231000e+04   6.1900000e+04
   5.4680000e+03   5.6657000e+04
   3.4409000e+04   4.8350000e+03
   5.5042000e+04   5.4864000e+04
   6.0973000e+04   2.9180000e+04
   2.2279000e+04   5.8589000e+04
   4.4743000e+04   2.3228000e+04
   2.8407000e+04   4.0029000e+04
   8.4110000e+03   2.8421000e+04
   1.9802000e+04   3.1594000e+04
   3.4217000e+04   1.4594000e+04
   1.6846000e+04   3.4396000e+04
   4.6230000e+03   1.9147000e+04
   2.1030000e+04   4.8113000e+04
