   5.2575000e+04   3.3483000e+04
   4.9565000e+04   6.3950000e+04
   2.1980000e+04   3.9748000e+04
   4.5595000e+04   4.7838000e+04
   2.0035000e+04   4.7190000e+04
   2.8311000e+04   3.9877000e+04
   5.8013000e+04   5.5540000e+04
   1.1971000e+04   2.6486000e+04
   5.6077000e+04   5.6165000e+04
   3.8712000e+04   5.7809000e+04
   4.8430000e+04   1.1370000e+04
   1.8683000e+04   5.5338000e+04
   4.1736000e+04   3.8237000e+04
   2.6027000e+04   4.5397000e+04
   3.9180000e+04   4.6611000e+04
   1.0555000e+04   4.7610000e+04
   5.1677000e+04   9.2360000e+03
   5.4813000e+04   4.7231000e+04
   4.9771000e+04   3.7639000e+04
   2.9399000e+04   1.8620000e+03
   3.9101000e+04   4.6927000e+04
   1.8763000e+04   6.2555000e+04
   7.6300000e+03   1.3000000e+03
   3.8363000e+04   3.4985000e+04
   3.2221000e+04   3.2995000e+04
   5.7823000e+04   5.7868000e+04
   3.9465000e+04   1.2224000e+04
   4.1626000e+04   3.4433000e+04
   4.7897000e+04   5.6191000e+04
   5.2025000e+04   1.1213000e+04
