   4.9423000e+04   6.0407000e+04
   3.7309000e+04   1.9133000e+04
   1.5803000e+04   5.1200000e+02
   9.7400000e+03   1.3916000e+04
   2.2120000e+04   6.0490000e+03
   8.8680000e+03   1.2423000e+04
   1.6055000e+04   5.7208000e+04
   2.9417000e+04   4.6046000e+04
   4.7871000e+04   5.4772000e+04
   3.0504000e+04   1.6868000e+04
   4.0319000e+04   1.8292000e+04
   2.5884000e+04   2.3805000e+04
   3.3102000e+04   2.2085000e+04
   1.0850000e+04   3.1968000e+04
   4.2557000e+04   5.1327000e+04
   3.8539000e+04   1.9430000e+03
   5.7120000e+03   3.1816000e+04
   1.7160000e+04   4.3355000e+04
   4.3661000e+04   5.0420000e+03
   3.7673000e+04   4.5676000e+04
   5.5583000e+04   4.7866000e+04
   4.0430000e+04   4.0222000e+04
   2.9163000e+04   2.3945000e+04
   4.5567000e+04   4.7972000e+04
   1.9981000e+04   5.2397000e+04
   2.6138000e+04   5.2483000e+04
   3.5387000e+04   6.8000000e+02
   6.5390000e+03   1.1892000e+04
