   2.3724000e+04   2.7679000e+04
   4.0202000e+04   4.8000000e+04
   3.7232000e+04   6.5527000e+04
   3.1315000e+04   6.2084000e+04
   3.2436000e+04   2.1485000e+04
   6.2138000e+04   5.2530000e+04
   5.5016000e+04   6.4961000e+04
   1.6687000e+04   4.5278000e+04
   2.8324000e+04   5.8149000e+04
   4.7353000e+04   3.0862000e+04
   5.6729000e+04   2.2239000e+04
   4.0420000e+04   1.5374000e+04
   3.9476000e+04   1.0340000e+04
   4.8757000e+04   2.0596000e+04
   4.6788000e+04   1.1228000e+04
   5.4090000e+04   5.3316000e+04
   2.7983000e+04   2.7459000e+04
   2.4993000e+04   3.0966000e+04
   4.7572000e+04   3.9329000e+04
   5.1685000e+04   1.2211000e+04
   5.9929000e+04   2.2630000e+04
   1.8002000e+04   2.9720000e+03
   4.1652000e+04   3.3876000e+04
   6.0203000e+04   5.9792000e+04
   4.9925000e+04   2.9875000e+04
