   7.4540000e+03   6.4086000e+04
   2.6246000e+04   6.1606000e+04
   3.1415000e+04   2.9306000e+04
   2.4295000e+04   6.5319000e+04
   6.0909000e+04   6.4447000e+04
   2.6978000e+04   3.5414000e+04
   3.0924000e+04   3.3515000e+04
   5.3470000e+04   4.0676000e+04
   4.9499000e+04   1.4703000e+04
   2.4844000e+04   1.4235000e+04
   4.3528000e+04   5.5805000e+04
   5.2779000e+04   5.9608000e+04
   3.2198000e+04   5.2375000e+04
   1.4867000e+04   4.9489000e+04
   5.8733000e+04   1.4843000e+04
   5.3691000e+04   1.3658000e+04
   4.4615000e+04   1.1232000e+04
   2.0865000e+04   5.3781000e+04
   3.2279000e+04   2.8290000e+04
   6.0990000e+04   2.5172000e+04
   5.3881000e+04   3.4420000e+04
   3.6519000e+04   5.5277000e+04
   1.4737000e+04   6.2682000e+04
   5.4980000e+04   2.6452000e+04
   4.9294000e+04   2.4320000e+04
   5.6464000e+04   2.7184000e+04
   4.2251000e+04   5.1830000e+04
   3.6125000e+04   4.5673000e+04
   5.6606000e+04   1.2230000e+03
   3.9238000e+04   2.4639000e+04
   4.2345000e+04   1.4888000e+04
   2.1972000e+04   5.4100000e+03
