   3.2999000e+04   3.2691000e+04
   1.2561000e+04   4.7018000e+04
   2.2818000e+04   1.3058000e+04
   5.5635000e+04   4.8251000e+04
   1.8852000e+04   5.7691000e+04
   5.2643000e+04   4.8698000e+04
   2.8084000e+04   1.0930000e+04
   5.4834000e+04   1.9481000e+04
   4.8595000e+04   3.2194000e+04
   4.4020000e+03   4.2874000e+04
   3.4133000e+04   4.9369000e+04
   2.0835000e+04   1.9753000e+04
   5.3508000e+04   2.9438000e+04
   6.2991000e+04   4.1212000e+04
   1.8948000e+04   1.5172000e+04
   2.7220000e+04   6.4607000e+04
   1.2740000e+04   5.2634000e+04
