   1.7939000e+04   3.2491000e+04
   2.5172000e+04   5.8134000e+04
   1.9855000e+04   2.1153000e+04
   5.5834000e+04   3.6615000e+04
   5.3658000e+04   3.9850000e+04
   5.0394000e+04   6.3541000e+04
   4.4266000e+04   3.1045000e+04
   1.0656000e+04   2.6677000e+04
   1.1762000e+04   2.0039000e+04
   4.3559000e+04   8.8140000e+03
   5.5944000e+04   5.1279000e+04
   3.4437000e+04   4.5847000e+04
   4.8838000e+04   9.9800000e+03
   6.0196000e+04   5.8699000e+04
   3.0826000e+04   1.2500000e+04
   8.3800000e+03   5.1016000e+04
   1.8750000e+04   2.6672000e+04
   6.7710000e+03   5.0231000e+04
   2.3236000e+04   3.7607000e+04
   1.5059000e+04   2.5161000e+04
   2.0212000e+04   3.5649000e+04
   4.7910000e+04   1.7700000e+02
   2.9072000e+04   3.7860000e+03
   4.8680000e+04   1.6259000e+04
   3.1979000e+04   5.6442000e+04
   4.6393000e+04   3.2854000e+04
   4.1352000e+04   2.9959000e+04
   5.1989000e+04   3.0425000e+04
