   5.3871000e+04   6.5444000e+04
   8.3930000e+03   1.5615000e+04
   4.0294000e+04   2.3457000e+04
   4.8516000e+04   6.4473000e+04
   4.3429000e+04   5.5010000e+04
   5.0705000e+04   3.6430000e+03
   1.4965000e+04   1.3509000e+04
   3.5254000e+04   6.3970000e+04
   1.5842000e+04   4.5643000e+04
   4.7745000e+04   6.4822000e+04
   3.8643000e+04   2.7966000e+04
   4.9023000e+04   1.0077000e+04
   1.9897000e+04   5.7276000e+04
   4.3635000e+04   2.0228000e+04
   2.3030000e+04   5.8100000e+02
   3.7412000e+04   1.6457000e+04
   5.9070000e+04   5.8439000e+04
   1.9705000e+04   4.6543000e+04
   9.5150000e+03   1.7259000e+04
   4.4130000e+03   3.9332000e+04
   4.5280000e+03   1.2434000e+04
   5.4751000e+04   5.4433000e+04
   8.9160000e+03   2.7404000e+04
   8.9960000e+03   3.5927000e+04
   3.3079000e+04   2.3498000e+04
   4.9618000e+04   2.6323000e+04
   5.0880000e+04   4.0877000e+04
   3.3603000e+04   1.5333000e+04
   2.0037000e+04   2.0708000e+04
   3.7682000e+04   6.1055000e+04
   3.0357000e+04   2.7580000e+04
   5.4031000e+04   3.4975000e+04
   6.0910000e+04   5.5924000e+04
   4.3714000e+04   1.3125000e+04
   4.4849000e+04   2.1793000e+04
   1.9204000e+04   1.1643000e+04
   5.8143000e+04   3.8221000e+04
