   5.6891000e+04   8.1380000e+03
   3.9651000e+04   1.8297000e+04
   4.1874000e+04   3.8389000e+04
   2.5469000e+04   6.3544000e+04
   6.1980000e+04   3.6768000e+04
   2.6346000e+04   1.2230000e+03
   2.9230000e+03   5.2471000e+04
   1.7845000e+04   1.5269000e+04
   6.2796000e+04   5.2895000e+04
   4.5282000e+04   2.5419000e+04
   2.9566000e+04   5.6594000e+04
   5.0851000e+04   4.8964000e+04
   4.4580000e+04   3.6454000e+04
   1.0274000e+04   8.9430000e+03
   4.1116000e+04   3.9270000e+03
   4.5071000e+04   7.9530000e+03
   2.7822000e+04   2.9200000e+03
   2.8447000e+04   7.0450000e+03
   2.4177000e+04   1.4793000e+04
   3.7537000e+04   4.6727000e+04
   3.8170000e+03   3.6682000e+04
   1.5651000e+04   8.2300000e+02
   4.2807000e+04   4.7170000e+03
   1.3065000e+04   6.3392000e+04
   6.4991000e+04   3.7232000e+04
   3.0068000e+04   1.3324000e+04
   4.5978000e+04   1.6537000e+04
   2.3526000e+04   4.8748000e+04
   7.4710000e+03   1.2808000e+04
   4.5166000e+04   3.8100000e+04
   3.2450000e+04   6.3572000e+04
   3.2701000e+04   5.5498000e+04
   6.3561000e+04   1.5719000e+04
   3.1212000e+04   3.2360000e+04
   1.8146000e+04   4.0630000e+04
   4.6420000e+03   5.4329000e+04
   4.9313000e+04   1.0276000e+04
   5.1246000e+04   1.2180000e+03
   6.4642000e+04   4.5890000e+03
   6.2422000e+04   3.1874000e+04
   3.7863000e+04   3.9737000e+04
   1.0229000e+04   3.7281000e+04
   4.7583000e+04   2.0799000e+04
   1.4190000e+04   6.4790000e+04
   5.9785000e+04   3.7995000e+04
   2.1885000e+04   2.4913000e+04
   4.9765000e+04   3.6107000e+04
   8.0000000e+03   4.8847000e+04
   5.7511000e+04   4.3859000e+04
   3.5973000e+04   1.7362000e+04
