   4.4634000e+04   8.1380000e+03
   2.0315000e+04   1.8297000e+04
   6.4817000e+04   3.8389000e+04
   6.3870000e+04   6.3544000e+04
   1.2012000e+04   3.6768000e+04
   6.1376000e+04   1.2230000e+03
   1.0562000e+04   5.2471000e+04
   1.3030000e+03   1.5269000e+04
   3.8931000e+04   5.2895000e+04
   2.7746000e+04   2.5419000e+04
   2.6446000e+04   5.6594000e+04
   3.5965000e+04   4.8964000e+04
   4.2874000e+04   3.6454000e+04
   2.1495000e+04   8.9430000e+03
   3.3636000e+04   3.9270000e+03
   1.5811000e+04   7.9530000e+03
   1.1105000e+04   2.9200000e+03
   9.3690000e+03   7.0450000e+03
   1.7100000e+03   1.4793000e+04
   2.1563000e+04   4.6727000e+04
   9.7180000e+03   3.6682000e+04
   3.0217000e+04   8.2300000e+02
   5.5392000e+04   4.7170000e+03
   5.6460000e+03   6.3392000e+04
   5.5585000e+04   3.7232000e+04
   3.1149000e+04   1.3324000e+04
   6.1000000e+02   1.6537000e+04
   2.4420000e+03   4.8748000e+04
   5.0345000e+04   1.2808000e+04
   3.8905000e+04   3.8100000e+04
   1.4852000e+04   6.3572000e+04
   4.2974000e+04   5.5498000e+04
   7.9660000e+03   1.5719000e+04
   6.3223000e+04   3.2360000e+04
   4.9129000e+04   4.0630000e+04
   5.8403000e+04   5.4329000e+04
   3.1684000e+04   1.0276000e+04
   2.3278000e+04   1.2180000e+03
   3.2847000e+04   4.5890000e+03
   5.2231000e+04   3.1874000e+04
   1.3089000e+04   3.9737000e+04
   2.5145000e+04   3.7281000e+04
   4.3795000e+04   2.0799000e+04
   4.4108000e+04   6.4790000e+04
   2.0431000e+04   3.7995000e+04
   5.5199000e+04   2.4913000e+04
   1.5734000e+04   3.6107000e+04
   1.1175000e+04   4.8847000e+04
   4.3100000e+03   4.3859000e+04
   2.1804000e+04   1.7362000e+04
