   9.8900000e+03   8.1380000e+03
   4.8179000e+04   1.8297000e+04
   1.2445000e+04   3.8389000e+04
   4.6584000e+04   6.3544000e+04
   4.2904000e+04   3.6768000e+04
   2.4558000e+04   1.2230000e+03
   1.4303000e+04   5.2471000e+04
   3.5857000e+04   1.5269000e+04
   3.9761000e+04   5.2895000e+04
   4.9032000e+04   2.5419000e+04
   4.3441000e+04   5.6594000e+04
   1.1166000e+04   4.8964000e+04
   3.5469000e+04   3.6454000e+04
   5.6840000e+04   8.9430000e+03
   3.5708000e+04   3.9270000e+03
   1.9080000e+03   7.9530000e+03
   4.4829000e+04   2.9200000e+03
   1.8929000e+04   7.0450000e+03
   2.0383000e+04   1.4793000e+04
   3.4880000e+03   4.6727000e+04
   4.0066000e+04   3.6682000e+04
   1.7492000e+04   8.2300000e+02
   5.2322000e+04   4.7170000e+03
   5.9156000e+04   6.3392000e+04
   3.6460000e+03   3.7232000e+04
   4.5160000e+04   1.3324000e+04
   2.7340000e+03   1.6537000e+04
   5.5299000e+04   4.8748000e+04
   5.3729000e+04   1.2808000e+04
   6.1820000e+03   3.8100000e+04
   5.0550000e+03   6.3572000e+04
   5.6588000e+04   5.5498000e+04
   7.6210000e+03   1.5719000e+04
   2.5435000e+04   3.2360000e+04
   3.3878000e+04   4.0630000e+04
   2.2450000e+03   5.4329000e+04
   6.2522000e+04   1.0276000e+04
   2.3622000e+04   1.2180000e+03
   6.3108000e+04   4.5890000e+03
   2.7658000e+04   3.1874000e+04
   1.3531000e+04   3.9737000e+04
   6.0735000e+04   3.7281000e+04
   2.9494000e+04   2.0799000e+04
   3.8312000e+04   6.4790000e+04
   9.3930000e+03   3.7995000e+04
   1.0505000e+04   2.4913000e+04
   6.2454000e+04   3.6107000e+04
   2.9921000e+04   4.8847000e+04
   3.1337000e+04   4.3859000e+04
   1.1326000e+04   1.7362000e+04
