   4.4116000e+04   8.1380000e+03
   1.6300000e+03   1.8297000e+04
   4.0900000e+04   3.8389000e+04
   1.7220000e+04   6.3544000e+04
   4.8111000e+04   3.6768000e+04
   3.2028000e+04   1.2230000e+03
   5.7135000e+04   5.2471000e+04
   2.3988000e+04   1.5269000e+04
   2.8840000e+04   5.2895000e+04
   5.1847000e+04   2.5419000e+04
   1.3272000e+04   5.6594000e+04
   6.0258000e+04   4.8964000e+04
   1.2890000e+04   3.6454000e+04
   2.1824000e+04   8.9430000e+03
   2.9710000e+04   3.9270000e+03
   5.2051000e+04   7.9530000e+03
   6.0691000e+04   2.9200000e+03
   3.3178000e+04   7.0450000e+03
   4.2295000e+04   1.4793000e+04
   1.2568000e+04   4.6727000e+04
   3.6717000e+04   3.6682000e+04
   4.2815000e+04   8.2300000e+02
   2.9429000e+04   4.7170000e+03
   3.7190000e+04   6.3392000e+04
   1.0661000e+04   3.7232000e+04
   4.7630000e+04   1.3324000e+04
   4.3600000e+03   1.6537000e+04
   1.4574000e+04   4.8748000e+04
   4.0105000e+04   1.2808000e+04
   2.0520000e+04   3.8100000e+04
   1.0790000e+03   6.3572000e+04
   3.5978000e+04   5.5498000e+04
   6.5305000e+04   1.5719000e+04
   3.1538000e+04   3.2360000e+04
   4.9180000e+03   4.0630000e+04
   5.9449000e+04   5.4329000e+04
   4.7910000e+03   1.0276000e+04
   2.1209000e+04   1.2180000e+03
   6.3064000e+04   4.5890000e+03
   2.4694000e+04   3.1874000e+04
   3.4150000e+03   3.9737000e+04
   6.0793000e+04   3.7281000e+04
   5.0510000e+03   2.0799000e+04
   1.7982000e+04   6.4790000e+04
   1.0440000e+04   3.7995000e+04
   5.7263000e+04   2.4913000e+04
   3.4876000e+04   3.6107000e+04
   5.0919000e+04   4.8847000e+04
   7.1600000e+03   4.3859000e+04
   6.4575000e+04   1.7362000e+04
