   2.4440000e+04   8.1380000e+03
   4.1020000e+03   1.8297000e+04
   2.3820000e+03   3.8389000e+04
   6.1887000e+04   6.3544000e+04
   3.8143000e+04   3.6768000e+04
   5.8532000e+04   1.2230000e+03
   5.2168000e+04   5.2471000e+04
   2.2744000e+04   1.5269000e+04
   4.2013000e+04   5.2895000e+04
   5.4490000e+04   2.5419000e+04
   4.9215000e+04   5.6594000e+04
   3.4160000e+04   4.8964000e+04
   6.2026000e+04   3.6454000e+04
   3.2028000e+04   8.9430000e+03
   1.9391000e+04   3.9270000e+03
   4.2968000e+04   7.9530000e+03
   4.0825000e+04   2.9200000e+03
   4.2385000e+04   7.0450000e+03
   4.0550000e+03   1.4793000e+04
   5.0599000e+04   4.6727000e+04
   9.1290000e+03   3.6682000e+04
   4.2070000e+03   8.2300000e+02
   4.8880000e+03   4.7170000e+03
   5.4619000e+04   6.3392000e+04
   4.7391000e+04   3.7232000e+04
   8.5290000e+03   1.3324000e+04
   9.4130000e+03   1.6537000e+04
   3.4268000e+04   4.8748000e+04
   2.8625000e+04   1.2808000e+04
   3.6571000e+04   3.8100000e+04
   1.7213000e+04   6.3572000e+04
   3.5967000e+04   5.5498000e+04
   3.7415000e+04   1.5719000e+04
   1.2273000e+04   3.2360000e+04
   4.7223000e+04   4.0630000e+04
   1.6727000e+04   5.4329000e+04
   1.3164000e+04   1.0276000e+04
   4.5879000e+04   1.2180000e+03
   5.3119000e+04   4.5890000e+03
   6.6220000e+03   3.1874000e+04
   5.5995000e+04   3.9737000e+04
   3.9074000e+04   3.7281000e+04
   5.5063000e+04   2.0799000e+04
   4.0612000e+04   6.4790000e+04
   4.6807000e+04   3.7995000e+04
   6.4777000e+04   2.4913000e+04
   4.0046000e+04   3.6107000e+04
   6.3378000e+04   4.8847000e+04
   3.4677000e+04   4.3859000e+04
   5.8241000e+04   1.7362000e+04
