   3.1319000e+04   8.1380000e+03
   1.6876000e+04   1.8297000e+04
   1.5423000e+04   3.8389000e+04
   1.4713000e+04   6.3544000e+04
   6.6550000e+03   3.6768000e+04
   6.3296000e+04   1.2230000e+03
   3.2872000e+04   5.2471000e+04
   5.5624000e+04   1.5269000e+04
   5.5729000e+04   5.2895000e+04
   3.0150000e+04   2.5419000e+04
   5.5499000e+04   5.6594000e+04
   6.5037000e+04   4.8964000e+04
   4.9305000e+04   3.6454000e+04
   6.3387000e+04   8.9430000e+03
   6.3700000e+04   3.9270000e+03
   6.2788000e+04   7.9530000e+03
   5.1770000e+04   2.9200000e+03
   4.6923000e+04   7.0450000e+03
   3.7111000e+04   1.4793000e+04
   5.6222000e+04   4.6727000e+04
   3.3743000e+04   3.6682000e+04
   4.3967000e+04   8.2300000e+02
   6.2553000e+04   4.7170000e+03
   2.2815000e+04   6.3392000e+04
   4.5455000e+04   3.7232000e+04
   5.3334000e+04   1.3324000e+04
   1.7343000e+04   1.6537000e+04
   9.0490000e+03   4.8748000e+04
   1.9893000e+04   1.2808000e+04
   2.2423000e+04   3.8100000e+04
   1.8175000e+04   6.3572000e+04
   3.8711000e+04   5.5498000e+04
   2.3614000e+04   1.5719000e+04
   1.7530000e+03   3.2360000e+04
   1.3971000e+04   4.0630000e+04
   2.0680000e+03   5.4329000e+04
   7.5350000e+03   1.0276000e+04
   2.0676000e+04   1.2180000e+03
   2.7008000e+04   4.5890000e+03
   1.1100000e+03   3.1874000e+04
   2.5569000e+04   3.9737000e+04
   5.0405000e+04   3.7281000e+04
   5.2996000e+04   2.0799000e+04
   1.6651000e+04   6.4790000e+04
   1.0462000e+04   3.7995000e+04
   5.7388000e+04   2.4913000e+04
   4.1207000e+04   3.6107000e+04
   1.5590000e+03   4.8847000e+04
   1.2090000e+03   4.3859000e+04
   5.7670000e+03   1.7362000e+04
