   2.5983000e+04   8.1380000e+03
   1.9539000e+04   1.8297000e+04
   3.4983000e+04   3.8389000e+04
   3.2513000e+04   6.3544000e+04
   3.1650000e+04   3.6768000e+04
   9.2200000e+03   1.2230000e+03
   6.4505000e+04   5.2471000e+04
   9.1260000e+03   1.5269000e+04
   4.2284000e+04   5.2895000e+04
   2.7639000e+04   2.5419000e+04
   1.3550000e+03   5.6594000e+04
   3.4037000e+04   4.8964000e+04
   5.5369000e+04   3.6454000e+04
   2.5810000e+03   8.9430000e+03
   8.4600000e+03   3.9270000e+03
   9.6510000e+03   7.9530000e+03
   4.1023000e+04   2.9200000e+03
   6.3804000e+04   7.0450000e+03
   6.0303000e+04   1.4793000e+04
   1.8643000e+04   4.6727000e+04
   1.3404000e+04   3.6682000e+04
   6.5107000e+04   8.2300000e+02
   4.7389000e+04   4.7170000e+03
   2.7801000e+04   6.3392000e+04
   5.4712000e+04   3.7232000e+04
   1.0213000e+04   1.3324000e+04
   5.6924000e+04   1.6537000e+04
   5.6259000e+04   4.8748000e+04
   1.1867000e+04   1.2808000e+04
   2.1797000e+04   3.8100000e+04
   6.4625000e+04   6.3572000e+04
   1.6760000e+03   5.5498000e+04
   2.7900000e+04   1.5719000e+04
   4.3100000e+02   3.2360000e+04
   6.1690000e+04   4.0630000e+04
   1.8500000e+03   5.4329000e+04
   4.8639000e+04   1.0276000e+04
   5.4937000e+04   1.2180000e+03
   1.9100000e+03   4.5890000e+03
   6.0489000e+04   3.1874000e+04
   2.1200000e+03   3.9737000e+04
   3.9028000e+04   3.7281000e+04
   6.5235000e+04   2.0799000e+04
   2.0476000e+04   6.4790000e+04
   8.3170000e+03   3.7995000e+04
   2.1204000e+04   2.4913000e+04
   2.4614000e+04   3.6107000e+04
   4.2494000e+04   4.8847000e+04
   4.2931000e+04   4.3859000e+04
   3.1158000e+04   1.7362000e+04
