   3.3854000e+04   8.1380000e+03
   6.5930000e+03   1.8297000e+04
   7.9620000e+03   3.8389000e+04
   5.9280000e+04   6.3544000e+04
   1.1720000e+03   3.6768000e+04
   1.5936000e+04   1.2230000e+03
   4.0460000e+03   5.2471000e+04
   7.5430000e+03   1.5269000e+04
   9.8710000e+03   5.2895000e+04
   6.5250000e+04   2.5419000e+04
   5.7060000e+04   5.6594000e+04
   3.8346000e+04   4.8964000e+04
   4.5965000e+04   3.6454000e+04
   2.2960000e+04   8.9430000e+03
   6.1758000e+04   3.9270000e+03
   4.0651000e+04   7.9530000e+03
   4.0831000e+04   2.9200000e+03
   8.3620000e+03   7.0450000e+03
   4.0040000e+04   1.4793000e+04
   3.7660000e+03   4.6727000e+04
   4.1755000e+04   3.6682000e+04
   2.7646000e+04   8.2300000e+02
   1.6511000e+04   4.7170000e+03
   2.1495000e+04   6.3392000e+04
   2.3329000e+04   3.7232000e+04
   1.2773000e+04   1.3324000e+04
   2.5143000e+04   1.6537000e+04
   6.5334000e+04   4.8748000e+04
   5.5331000e+04   1.2808000e+04
   2.8954000e+04   3.8100000e+04
   5.1965000e+04   6.3572000e+04
   4.8127000e+04   5.5498000e+04
   3.6749000e+04   1.5719000e+04
   2.0716000e+04   3.2360000e+04
   5.9637000e+04   4.0630000e+04
   2.9033000e+04   5.4329000e+04
   5.1741000e+04   1.0276000e+04
   2.4488000e+04   1.2180000e+03
   4.7686000e+04   4.5890000e+03
   2.2601000e+04   3.1874000e+04
   1.0206000e+04   3.9737000e+04
   6.3576000e+04   3.7281000e+04
   6.3916000e+04   2.0799000e+04
   5.7148000e+04   6.4790000e+04
   7.7210000e+03   3.7995000e+04
   3.9490000e+03   2.4913000e+04
   5.9566000e+04   3.6107000e+04
   1.6237000e+04   4.8847000e+04
   9.9380000e+03   4.3859000e+04
   1.7055000e+04   1.7362000e+04
