   1.9324000e+04   8.1380000e+03
   4.1979000e+04   1.8297000e+04
   5.8303000e+04   3.8389000e+04
   4.3075000e+04   6.3544000e+04
   5.3516000e+04   3.6768000e+04
   1.1668000e+04   1.2230000e+03
   1.6543000e+04   5.2471000e+04
   1.2535000e+04   1.5269000e+04
   6.2570000e+04   5.2895000e+04
   3.0751000e+04   2.5419000e+04
   1.1416000e+04   5.6594000e+04
   4.3249000e+04   4.8964000e+04
   3.7992000e+04   3.6454000e+04
   5.7526000e+04   8.9430000e+03
   1.2241000e+04   3.9270000e+03
   3.7145000e+04   7.9530000e+03
   1.3056000e+04   2.9200000e+03
   1.7494000e+04   7.0450000e+03
   3.1160000e+03   1.4793000e+04
   4.9909000e+04   4.6727000e+04
   2.6300000e+02   3.6682000e+04
   2.3272000e+04   8.2300000e+02
   2.4527000e+04   4.7170000e+03
   3.4473000e+04   6.3392000e+04
   4.6264000e+04   3.7232000e+04
   5.6620000e+03   1.3324000e+04
   6.2450000e+04   1.6537000e+04
   2.8569000e+04   4.8748000e+04
   5.3313000e+04   1.2808000e+04
   4.3320000e+03   3.8100000e+04
   6.5140000e+04   6.3572000e+04
   5.5640000e+04   5.5498000e+04
   6.5471000e+04   1.5719000e+04
   6.4266000e+04   3.2360000e+04
   4.4786000e+04   4.0630000e+04
   8.0470000e+03   5.4329000e+04
   2.4372000e+04   1.0276000e+04
   3.9849000e+04   1.2180000e+03
   4.9201000e+04   4.5890000e+03
   5.1036000e+04   3.1874000e+04
   6.4660000e+03   3.9737000e+04
   1.7290000e+03   3.7281000e+04
   4.0440000e+03   2.0799000e+04
   6.8070000e+03   6.4790000e+04
   4.4597000e+04   3.7995000e+04
   4.2420000e+03   2.4913000e+04
   1.9447000e+04   3.6107000e+04
   1.0954000e+04   4.8847000e+04
   2.1618000e+04   4.3859000e+04
   1.2135000e+04   1.7362000e+04
