   4.5886000e+04   8.1380000e+03
   5.8900000e+04   1.8297000e+04
   5.9075000e+04   3.8389000e+04
   4.3226000e+04   6.3544000e+04
   2.5506000e+04   3.6768000e+04
   1.6055000e+04   1.2230000e+03
   5.5583000e+04   5.2471000e+04
   3.5461000e+04   1.5269000e+04
   5.8505000e+04   5.2895000e+04
   4.9357000e+04   2.5419000e+04
   9.6450000e+03   5.6594000e+04
   2.3240000e+03   4.8964000e+04
   3.9835000e+04   3.6454000e+04
   5.3907000e+04   8.9430000e+03
   3.4677000e+04   3.9270000e+03
   6.4561000e+04   7.9530000e+03
   8.2890000e+03   2.9200000e+03
   4.4969000e+04   7.0450000e+03
   2.9301000e+04   1.4793000e+04
   1.8244000e+04   4.6727000e+04
   4.7229000e+04   3.6682000e+04
   3.2079000e+04   8.2300000e+02
   1.3475000e+04   4.7170000e+03
   2.1000000e+01   6.3392000e+04
   3.5955000e+04   3.7232000e+04
   2.8210000e+03   1.3324000e+04
   2.0350000e+03   1.6537000e+04
   4.0720000e+04   4.8748000e+04
   4.4490000e+04   1.2808000e+04
   6.1477000e+04   3.8100000e+04
   5.7550000e+03   6.3572000e+04
   7.0800000e+03   5.5498000e+04
   1.3542000e+04   1.5719000e+04
   5.2217000e+04   3.2360000e+04
   2.9440000e+04   4.0630000e+04
   5.7239000e+04   5.4329000e+04
   6.3715000e+04   1.0276000e+04
   1.0287000e+04   1.2180000e+03
   3.5287000e+04   4.5890000e+03
   5.0904000e+04   3.1874000e+04
   4.7718000e+04   3.9737000e+04
   3.7125000e+04   3.7281000e+04
   4.8815000e+04   2.0799000e+04
   5.5518000e+04   6.4790000e+04
   4.9696000e+04   3.7995000e+04
   1.6128000e+04   2.4913000e+04
   5.6913000e+04   3.6107000e+04
   8.3760000e+03   4.8847000e+04
   2.5460000e+03   4.3859000e+04
   6.5426000e+04   1.7362000e+04
