   6.4921000e+04   8.1380000e+03
   5.2225000e+04   1.8297000e+04
   5.8660000e+03   3.8389000e+04
   3.4243000e+04   6.3544000e+04
   4.8039000e+04   3.6768000e+04
   5.6906000e+04   1.2230000e+03
   6.2415000e+04   5.2471000e+04
   6.3261000e+04   1.5269000e+04
   4.3025000e+04   5.2895000e+04
   1.4740000e+03   2.5419000e+04
   6.4856000e+04   5.6594000e+04
   6.0861000e+04   4.8964000e+04
   6.4159000e+04   3.6454000e+04
   2.7757000e+04   8.9430000e+03
   1.2900000e+02   3.9270000e+03
   3.5937000e+04   7.9530000e+03
   5.4346000e+04   2.9200000e+03
   4.9540000e+03   7.0450000e+03
   4.2303000e+04   1.4793000e+04
   6.1525000e+04   4.6727000e+04
   4.3810000e+03   3.6682000e+04
   1.0153000e+04   8.2300000e+02
   3.5811000e+04   4.7170000e+03
   2.8696000e+04   6.3392000e+04
   6.1730000e+03   3.7232000e+04
   4.6065000e+04   1.3324000e+04
   2.5432000e+04   1.6537000e+04
   5.6153000e+04   4.8748000e+04
   1.1389000e+04   1.2808000e+04
   3.7791000e+04   3.8100000e+04
   4.4515000e+04   6.3572000e+04
   3.1511000e+04   5.5498000e+04
   1.5758000e+04   1.5719000e+04
   5.8555000e+04   3.2360000e+04
   1.1987000e+04   4.0630000e+04
   1.0070000e+04   5.4329000e+04
   1.7260000e+04   1.0276000e+04
   5.6074000e+04   1.2180000e+03
   1.4326000e+04   4.5890000e+03
   2.6568000e+04   3.1874000e+04
   1.0013000e+04   3.9737000e+04
   9.7530000e+03   3.7281000e+04
   4.1630000e+04   2.0799000e+04
   2.6570000e+03   6.4790000e+04
   1.9212000e+04   3.7995000e+04
   1.8483000e+04   2.4913000e+04
   9.6550000e+03   3.6107000e+04
   1.7989000e+04   4.8847000e+04
   9.4870000e+03   4.3859000e+04
   4.9609000e+04   1.7362000e+04
