   3.9964000e+04   8.1380000e+03
   1.9563000e+04   1.8297000e+04
   4.0292000e+04   3.8389000e+04
   5.7647000e+04   6.3544000e+04
   1.4915000e+04   3.6768000e+04
   1.1137000e+04   1.2230000e+03
   6.3690000e+04   5.2471000e+04
   6.1200000e+04   1.5269000e+04
   4.3229000e+04   5.2895000e+04
   1.1351000e+04   2.5419000e+04
   1.5139000e+04   5.6594000e+04
   2.1163000e+04   4.8964000e+04
   1.6574000e+04   3.6454000e+04
   2.7964000e+04   8.9430000e+03
   3.0920000e+03   3.9270000e+03
   1.9382000e+04   7.9530000e+03
   5.5493000e+04   2.9200000e+03
   2.1526000e+04   7.0450000e+03
   1.3747000e+04   1.4793000e+04
   3.2767000e+04   4.6727000e+04
   2.8788000e+04   3.6682000e+04
   3.8888000e+04   8.2300000e+02
   1.5346000e+04   4.7170000e+03
   4.4017000e+04   6.3392000e+04
   4.6650000e+03   3.7232000e+04
   4.4923000e+04   1.3324000e+04
   6.0323000e+04   1.6537000e+04
   5.2155000e+04   4.8748000e+04
   1.7550000e+03   1.2808000e+04
   5.9646000e+04   3.8100000e+04
   6.2967000e+04   6.3572000e+04
   4.4064000e+04   5.5498000e+04
   1.5407000e+04   1.5719000e+04
   3.2180000e+03   3.2360000e+04
   3.4331000e+04   4.0630000e+04
   2.3060000e+03   5.4329000e+04
   2.1283000e+04   1.0276000e+04
   1.6007000e+04   1.2180000e+03
   5.4682000e+04   4.5890000e+03
   5.1290000e+04   3.1874000e+04
   5.3258000e+04   3.9737000e+04
   3.3909000e+04   3.7281000e+04
   1.9350000e+03   2.0799000e+04
   3.2154000e+04   6.4790000e+04
   6.3290000e+03   3.7995000e+04
   9.9860000e+03   2.4913000e+04
   9.7490000e+03   3.6107000e+04
   4.4170000e+04   4.8847000e+04
   6.3866000e+04   4.3859000e+04
   7.4340000e+03   1.7362000e+04
