   1.3260000e+04   8.1380000e+03
   5.5155000e+04   1.8297000e+04
   9.3270000e+03   3.8389000e+04
   4.3177000e+04   6.3544000e+04
   2.9788000e+04   3.6768000e+04
   6.4844000e+04   1.2230000e+03
   1.8382000e+04   5.2471000e+04
   3.3722000e+04   1.5269000e+04
   6.2945000e+04   5.2895000e+04
   6.7360000e+03   2.5419000e+04
   6.3417000e+04   5.6594000e+04
   2.3406000e+04   4.8964000e+04
   4.9083000e+04   3.6454000e+04
   6.4640000e+04   8.9430000e+03
   5.4830000e+03   3.9270000e+03
   2.1420000e+03   7.9530000e+03
   2.9665000e+04   2.9200000e+03
   4.3040000e+03   7.0450000e+03
   3.2268000e+04   1.4793000e+04
   2.4896000e+04   4.6727000e+04
   3.3784000e+04   3.6682000e+04
   4.1070000e+03   8.2300000e+02
   6.5393000e+04   4.7170000e+03
   3.5999000e+04   6.3392000e+04
   3.0080000e+04   3.7232000e+04
   5.6419000e+04   1.3324000e+04
   2.4031000e+04   1.6537000e+04
   4.7201000e+04   4.8748000e+04
   3.5700000e+04   1.2808000e+04
   3.7490000e+03   3.8100000e+04
   6.4566000e+04   6.3572000e+04
   1.9470000e+03   5.5498000e+04
   5.8428000e+04   1.5719000e+04
   2.4558000e+04   3.2360000e+04
   2.3300000e+03   4.0630000e+04
   3.7982000e+04   5.4329000e+04
   1.1463000e+04   1.0276000e+04
   4.2805000e+04   1.2180000e+03
   5.6979000e+04   4.5890000e+03
   4.6491000e+04   3.1874000e+04
   3.9192000e+04   3.9737000e+04
   4.3675000e+04   3.7281000e+04
   5.3224000e+04   2.0799000e+04
   4.9651000e+04   6.4790000e+04
   1.4376000e+04   3.7995000e+04
   6.3266000e+04   2.4913000e+04
   8.9610000e+03   3.6107000e+04
   1.9064000e+04   4.8847000e+04
   3.8866000e+04   4.3859000e+04
   5.1004000e+04   1.7362000e+04
