   4.2500000e+03   8.1380000e+03
   2.1392000e+04   1.8297000e+04
   4.7378000e+04   3.8389000e+04
   4.0495000e+04   6.3544000e+04
   6.7200000e+02   3.6768000e+04
   4.9596000e+04   1.2230000e+03
   3.1379000e+04   5.2471000e+04
   5.9955000e+04   1.5269000e+04
   1.2218000e+04   5.2895000e+04
   3.9311000e+04   2.5419000e+04
   3.8860000e+03   5.6594000e+04
   4.3440000e+03   4.8964000e+04
   2.9446000e+04   3.6454000e+04
   2.0611000e+04   8.9430000e+03
   4.6295000e+04   3.9270000e+03
   4.2779000e+04   7.9530000e+03
   5.6182000e+04   2.9200000e+03
   2.9666000e+04   7.0450000e+03
   3.8639000e+04   1.4793000e+04
   3.3051000e+04   4.6727000e+04
   1.9191000e+04   3.6682000e+04
   2.0047000e+04   8.2300000e+02
   4.3044000e+04   4.7170000e+03
   2.6521000e+04   6.3392000e+04
   1.9501000e+04   3.7232000e+04
   1.0444000e+04   1.3324000e+04
   6.1724000e+04   1.6537000e+04
   3.9600000e+03   4.8748000e+04
   5.7467000e+04   1.2808000e+04
   1.4161000e+04   3.8100000e+04
   8.5810000e+03   6.3572000e+04
   1.2568000e+04   5.5498000e+04
   2.0180000e+03   1.5719000e+04
   5.1057000e+04   3.2360000e+04
   2.4310000e+04   4.0630000e+04
   1.4120000e+03   5.4329000e+04
   1.8950000e+04   1.0276000e+04
   5.5007000e+04   1.2180000e+03
   5.5774000e+04   4.5890000e+03
   6.3581000e+04   3.1874000e+04
   5.9583000e+04   3.9737000e+04
   3.5490000e+03   3.7281000e+04
   4.2244000e+04   2.0799000e+04
   3.3779000e+04   6.4790000e+04
   8.7490000e+03   3.7995000e+04
   4.9964000e+04   2.4913000e+04
   4.5158000e+04   3.6107000e+04
   3.6074000e+04   4.8847000e+04
   1.0620000e+03   4.3859000e+04
   4.0055000e+04   1.7362000e+04
