   2.6648000e+04   8.1380000e+03
   3.9496000e+04   1.8297000e+04
   4.3430000e+03   3.8389000e+04
   5.1411000e+04   6.3544000e+04
   5.5450000e+03   3.6768000e+04
   2.9604000e+04   1.2230000e+03
   1.7293000e+04   5.2471000e+04
   4.2787000e+04   1.5269000e+04
   3.1415000e+04   5.2895000e+04
   5.8240000e+04   2.5419000e+04
   2.2624000e+04   5.6594000e+04
   1.6193000e+04   4.8964000e+04
   5.8386000e+04   3.6454000e+04
   1.1290000e+03   8.9430000e+03
   8.0870000e+03   3.9270000e+03
   3.5693000e+04   7.9530000e+03
   3.4154000e+04   2.9200000e+03
   6.4277000e+04   7.0450000e+03
   5.5016000e+04   1.4793000e+04
   2.4300000e+03   4.6727000e+04
   2.1550000e+04   3.6682000e+04
   5.3674000e+04   8.2300000e+02
   5.4148000e+04   4.7170000e+03
   4.3394000e+04   6.3392000e+04
   1.5523000e+04   3.7232000e+04
   3.9669000e+04   1.3324000e+04
   3.7071000e+04   1.6537000e+04
   7.9990000e+03   4.8748000e+04
   2.5385000e+04   1.2808000e+04
   2.2356000e+04   3.8100000e+04
   3.1180000e+03   6.3572000e+04
   4.3079000e+04   5.5498000e+04
   6.2003000e+04   1.5719000e+04
   2.3450000e+03   3.2360000e+04
   7.2270000e+03   4.0630000e+04
   3.3838000e+04   5.4329000e+04
   9.2040000e+03   1.0276000e+04
   1.9970000e+03   1.2180000e+03
   5.6575000e+04   4.5890000e+03
   1.4394000e+04   3.1874000e+04
   7.9010000e+03   3.9737000e+04
   6.4575000e+04   3.7281000e+04
   6.2847000e+04   2.0799000e+04
   4.3001000e+04   6.4790000e+04
   2.6091000e+04   3.7995000e+04
   5.2940000e+03   2.4913000e+04
   5.6272000e+04   3.6107000e+04
   5.0114000e+04   4.8847000e+04
   5.9115000e+04   4.3859000e+04
   2.7645000e+04   1.7362000e+04
