   5.6415000e+04   8.1380000e+03
   8.5650000e+03   1.8297000e+04
   3.9988000e+04   3.8389000e+04
   2.5630000e+03   6.3544000e+04
   2.3469000e+04   3.6768000e+04
   6.5000000e+04   1.2230000e+03
   1.0379000e+04   5.2471000e+04
   5.6208000e+04   1.5269000e+04
   3.4280000e+04   5.2895000e+04
   1.2520000e+04   2.5419000e+04
   1.2780000e+03   5.6594000e+04
   1.6507000e+04   4.8964000e+04
   3.8260000e+03   3.6454000e+04
   2.8204000e+04   8.9430000e+03
   3.0746000e+04   3.9270000e+03
   6.3287000e+04   7.9530000e+03
   5.7990000e+03   2.9200000e+03
   3.4355000e+04   7.0450000e+03
   5.1090000e+04   1.4793000e+04
   2.8764000e+04   4.6727000e+04
   3.8757000e+04   3.6682000e+04
   4.2273000e+04   8.2300000e+02
   3.1162000e+04   4.7170000e+03
   3.1682000e+04   6.3392000e+04
   6.0343000e+04   3.7232000e+04
   6.1148000e+04   1.3324000e+04
   1.6307000e+04   1.6537000e+04
   1.8276000e+04   4.8748000e+04
   5.9735000e+04   1.2808000e+04
   2.0499000e+04   3.8100000e+04
   2.1214000e+04   6.3572000e+04
   4.3414000e+04   5.5498000e+04
   3.8856000e+04   1.5719000e+04
   4.6727000e+04   3.2360000e+04
   2.7505000e+04   4.0630000e+04
   4.6971000e+04   5.4329000e+04
   6.0054000e+04   1.0276000e+04
   5.3286000e+04   1.2180000e+03
   6.2715000e+04   4.5890000e+03
   2.7397000e+04   3.1874000e+04
   5.3510000e+03   3.9737000e+04
   3.2089000e+04   3.7281000e+04
   5.3414000e+04   2.0799000e+04
   4.5106000e+04   6.4790000e+04
   5.6552000e+04   3.7995000e+04
   1.7846000e+04   2.4913000e+04
   5.4869000e+04   3.6107000e+04
   1.3161000e+04   4.8847000e+04
   6.3554000e+04   4.3859000e+04
   4.7564000e+04   1.7362000e+04
