   5.3783000e+04   8.1380000e+03
   4.9218000e+04   1.8297000e+04
   1.2364000e+04   3.8389000e+04
   3.2250000e+03   6.3544000e+04
   3.6063000e+04   3.6768000e+04
   6.4902000e+04   1.2230000e+03
   1.3106000e+04   5.2471000e+04
   1.7250000e+04   1.5269000e+04
   1.9436000e+04   5.2895000e+04
   3.7873000e+04   2.5419000e+04
   3.2294000e+04   5.6594000e+04
   2.0683000e+04   4.8964000e+04
   6.4979000e+04   3.6454000e+04
   4.3093000e+04   8.9430000e+03
   6.4726000e+04   3.9270000e+03
   5.8202000e+04   7.9530000e+03
   4.0826000e+04   2.9200000e+03
   3.9552000e+04   7.0450000e+03
   3.3580000e+03   1.4793000e+04
   2.5705000e+04   4.6727000e+04
   5.1516000e+04   3.6682000e+04
   1.5282000e+04   8.2300000e+02
   3.1533000e+04   4.7170000e+03
   6.5100000e+02   6.3392000e+04
   9.4000000e+02   3.7232000e+04
   7.9900000e+02   1.3324000e+04
   3.3813000e+04   1.6537000e+04
   1.7100000e+04   4.8748000e+04
   4.8655000e+04   1.2808000e+04
   2.4813000e+04   3.8100000e+04
   1.6710000e+04   6.3572000e+04
   4.8815000e+04   5.5498000e+04
   4.5853000e+04   1.5719000e+04
   6.3470000e+03   3.2360000e+04
   1.5615000e+04   4.0630000e+04
   1.9594000e+04   5.4329000e+04
   4.0309000e+04   1.0276000e+04
   3.6140000e+03   1.2180000e+03
   4.0718000e+04   4.5890000e+03
   4.8262000e+04   3.1874000e+04
   4.5391000e+04   3.9737000e+04
   6.9830000e+03   3.7281000e+04
   6.2566000e+04   2.0799000e+04
   3.8207000e+04   6.4790000e+04
   3.9963000e+04   3.7995000e+04
   5.0117000e+04   2.4913000e+04
   3.0919000e+04   3.6107000e+04
   5.6017000e+04   4.8847000e+04
   2.6970000e+04   4.3859000e+04
   5.0780000e+03   1.7362000e+04
