   2.5726000e+04   8.1380000e+03
   5.3299000e+04   1.8297000e+04
   5.3896000e+04   3.8389000e+04
   4.3200000e+03   6.3544000e+04
   9.3860000e+03   3.6768000e+04
   3.5181000e+04   1.2230000e+03
   2.7587000e+04   5.2471000e+04
   2.1279000e+04   1.5269000e+04
   1.9260000e+03   5.2895000e+04
   1.6674000e+04   2.5419000e+04
   6.4613000e+04   5.6594000e+04
   1.0943000e+04   4.8964000e+04
   1.1180000e+03   3.6454000e+04
   1.1636000e+04   8.9430000e+03
   3.0760000e+04   3.9270000e+03
   4.0756000e+04   7.9530000e+03
   6.1930000e+03   2.9200000e+03
   2.1674000e+04   7.0450000e+03
   5.0331000e+04   1.4793000e+04
   2.9574000e+04   4.6727000e+04
   2.7383000e+04   3.6682000e+04
   1.0227000e+04   8.2300000e+02
   3.5480000e+03   4.7170000e+03
   3.2957000e+04   6.3392000e+04
   4.4626000e+04   3.7232000e+04
   6.3816000e+04   1.3324000e+04
   1.2039000e+04   1.6537000e+04
   1.9318000e+04   4.8748000e+04
   3.9971000e+04   1.2808000e+04
   2.0083000e+04   3.8100000e+04
   4.8330000e+03   6.3572000e+04
   2.4147000e+04   5.5498000e+04
   4.6570000e+03   1.5719000e+04
   3.2045000e+04   3.2360000e+04
   1.9686000e+04   4.0630000e+04
   6.0980000e+03   5.4329000e+04
   1.6312000e+04   1.0276000e+04
   1.1720000e+04   1.2180000e+03
   5.5011000e+04   4.5890000e+03
   6.2969000e+04   3.1874000e+04
   1.3530000e+03   3.9737000e+04
   6.0070000e+03   3.7281000e+04
   5.8927000e+04   2.0799000e+04
   5.6514000e+04   6.4790000e+04
   7.7950000e+03   3.7995000e+04
   3.1429000e+04   2.4913000e+04
   5.5723000e+04   3.6107000e+04
   5.7290000e+04   4.8847000e+04
   5.2058000e+04   4.3859000e+04
   5.7454000e+04   1.7362000e+04
