   1.5326000e+04   8.1380000e+03
   6.1722000e+04   1.8297000e+04
   4.6051000e+04   3.8389000e+04
   2.2857000e+04   6.3544000e+04
   5.2518000e+04   3.6768000e+04
   6.1140000e+03   1.2230000e+03
   4.0709000e+04   5.2471000e+04
   3.6273000e+04   1.5269000e+04
   2.4395000e+04   5.2895000e+04
   2.6753000e+04   2.5419000e+04
   2.2279000e+04   5.6594000e+04
   5.7198000e+04   4.8964000e+04
   3.9480000e+03   3.6454000e+04
   2.1340000e+03   8.9430000e+03
   3.5583000e+04   3.9270000e+03
   2.4991000e+04   7.9530000e+03
   8.9830000e+03   2.9200000e+03
   3.2702000e+04   7.0450000e+03
   4.2303000e+04   1.4793000e+04
   5.1307000e+04   4.6727000e+04
   6.3687000e+04   3.6682000e+04
   5.4047000e+04   8.2300000e+02
   3.8751000e+04   4.7170000e+03
   3.6367000e+04   6.3392000e+04
   2.0460000e+03   1.3324000e+04
   3.1003000e+04   1.6537000e+04
   3.7540000e+04   4.8748000e+04
   2.1733000e+04   1.2808000e+04
   3.4157000e+04   3.8100000e+04
   6.0764000e+04   6.3572000e+04
   3.7780000e+03   5.5498000e+04
   9.2770000e+03   1.5719000e+04
   4.6900000e+03   3.2360000e+04
   4.5753000e+04   4.0630000e+04
   2.2511000e+04   5.4329000e+04
   5.9412000e+04   1.0276000e+04
   1.0930000e+04   1.2180000e+03
   1.7722000e+04   4.5890000e+03
   5.4870000e+03   3.1874000e+04
   2.0149000e+04   3.9737000e+04
   2.9488000e+04   3.7281000e+04
   2.7859000e+04   2.0799000e+04
   4.5320000e+04   6.4790000e+04
   5.2168000e+04   3.7995000e+04
   2.1633000e+04   2.4913000e+04
   6.4478000e+04   3.6107000e+04
   3.9098000e+04   4.8847000e+04
   3.7937000e+04   4.3859000e+04
   4.2094000e+04   1.7362000e+04
