   1.5372000e+04   8.1380000e+03
   2.8115000e+04   1.8297000e+04
   4.2164000e+04   3.8389000e+04
   1.5720000e+03   6.3544000e+04
   6.3663000e+04   3.6768000e+04
   4.3927000e+04   1.2230000e+03
   1.4530000e+04   5.2471000e+04
   3.1458000e+04   1.5269000e+04
   2.9823000e+04   5.2895000e+04
   6.3712000e+04   2.5419000e+04
   6.2303000e+04   5.6594000e+04
   1.0296000e+04   4.8964000e+04
   2.5955000e+04   3.6454000e+04
   2.0050000e+03   8.9430000e+03
   5.6179000e+04   3.9270000e+03
   4.7103000e+04   7.9530000e+03
   6.2560000e+04   2.9200000e+03
   2.0476000e+04   7.0450000e+03
   1.7732000e+04   1.4793000e+04
   1.4009000e+04   4.6727000e+04
   1.2709000e+04   3.6682000e+04
   6.3862000e+04   8.2300000e+02
   2.1663000e+04   4.7170000e+03
   6.5132000e+04   6.3392000e+04
   4.3300000e+03   3.7232000e+04
   6.0260000e+03   1.3324000e+04
   4.4327000e+04   1.6537000e+04
   7.7710000e+03   4.8748000e+04
   3.8853000e+04   1.2808000e+04
   6.2036000e+04   3.8100000e+04
   3.4965000e+04   6.3572000e+04
   5.5858000e+04   5.5498000e+04
   4.1970000e+04   1.5719000e+04
   3.8986000e+04   3.2360000e+04
   4.9435000e+04   4.0630000e+04
   1.0460000e+03   5.4329000e+04
   2.8631000e+04   1.0276000e+04
   1.5208000e+04   1.2180000e+03
   5.1421000e+04   4.5890000e+03
   2.5280000e+04   3.1874000e+04
   6.5507000e+04   3.9737000e+04
   1.1550000e+03   3.7281000e+04
   3.2600000e+02   2.0799000e+04
   5.6554000e+04   6.4790000e+04
   3.8780000e+03   3.7995000e+04
   6.3237000e+04   2.4913000e+04
   2.7429000e+04   3.6107000e+04
   5.8317000e+04   4.8847000e+04
   5.5617000e+04   4.3859000e+04
   2.3637000e+04   1.7362000e+04
