   3.2872000e+04   8.1380000e+03
   2.0432000e+04   1.8297000e+04
   4.7530000e+03   3.8389000e+04
   3.8838000e+04   6.3544000e+04
   1.9192000e+04   3.6768000e+04
   5.5635000e+04   1.2230000e+03
   4.0522000e+04   5.2471000e+04
   1.0542000e+04   1.5269000e+04
   3.7491000e+04   5.2895000e+04
   3.8770000e+03   2.5419000e+04
   5.5393000e+04   5.6594000e+04
   6.1556000e+04   4.8964000e+04
   5.5104000e+04   3.6454000e+04
   5.9441000e+04   8.9430000e+03
   7.3730000e+03   3.9270000e+03
   5.5193000e+04   7.9530000e+03
   2.8339000e+04   2.9200000e+03
   3.0596000e+04   7.0450000e+03
   4.1177000e+04   1.4793000e+04
   6.4043000e+04   4.6727000e+04
   1.6385000e+04   3.6682000e+04
   4.3807000e+04   8.2300000e+02
   4.8102000e+04   4.7170000e+03
   5.1643000e+04   6.3392000e+04
   9.1610000e+03   3.7232000e+04
   1.7004000e+04   1.3324000e+04
   4.2100000e+04   1.6537000e+04
   6.4268000e+04   4.8748000e+04
   4.1692000e+04   1.2808000e+04
   2.7616000e+04   3.8100000e+04
   1.5560000e+03   6.3572000e+04
   5.2262000e+04   5.5498000e+04
   7.9800000e+03   1.5719000e+04
   4.2653000e+04   3.2360000e+04
   6.3831000e+04   4.0630000e+04
   1.5201000e+04   5.4329000e+04
   3.6351000e+04   1.0276000e+04
   2.2770000e+03   1.2180000e+03
   2.5711000e+04   4.5890000e+03
   2.6641000e+04   3.1874000e+04
   5.9391000e+04   3.9737000e+04
   2.5170000e+03   3.7281000e+04
   5.1499000e+04   2.0799000e+04
   3.5683000e+04   6.4790000e+04
   2.6369000e+04   3.7995000e+04
   1.1190000e+03   2.4913000e+04
   3.5796000e+04   3.6107000e+04
   1.5791000e+04   4.8847000e+04
   4.9263000e+04   4.3859000e+04
   2.2127000e+04   1.7362000e+04
