   1.9030000e+04   8.1380000e+03
   3.6848000e+04   1.8297000e+04
   4.0628000e+04   3.8389000e+04
   3.3647000e+04   6.3544000e+04
   6.8100000e+03   3.6768000e+04
   3.4916000e+04   1.2230000e+03
   1.5628000e+04   5.2471000e+04
   2.7189000e+04   1.5269000e+04
   3.1937000e+04   5.2895000e+04
   5.4188000e+04   2.5419000e+04
   6.2966000e+04   5.6594000e+04
   4.1923000e+04   4.8964000e+04
   5.4359000e+04   3.6454000e+04
   3.0021000e+04   8.9430000e+03
   2.4614000e+04   3.9270000e+03
   5.9246000e+04   7.9530000e+03
   6.3043000e+04   2.9200000e+03
   5.9744000e+04   7.0450000e+03
   5.4882000e+04   1.4793000e+04
   6.4260000e+03   4.6727000e+04
   3.7140000e+04   3.6682000e+04
   4.9147000e+04   8.2300000e+02
   4.3185000e+04   4.7170000e+03
   2.3739000e+04   6.3392000e+04
   4.5377000e+04   3.7232000e+04
   4.5075000e+04   1.3324000e+04
   9.1770000e+03   1.6537000e+04
   1.4330000e+03   4.8748000e+04
   2.1670000e+03   1.2808000e+04
   2.2700000e+03   3.8100000e+04
   2.3281000e+04   6.3572000e+04
   2.4503000e+04   5.5498000e+04
   5.8332000e+04   1.5719000e+04
   6.1560000e+04   3.2360000e+04
   1.1365000e+04   4.0630000e+04
   1.6257000e+04   5.4329000e+04
   4.8550000e+03   1.0276000e+04
   2.5697000e+04   1.2180000e+03
   4.5651000e+04   4.5890000e+03
   3.0659000e+04   3.1874000e+04
   4.9794000e+04   3.9737000e+04
   4.7332000e+04   3.7281000e+04
   2.0148000e+04   2.0799000e+04
   3.2170000e+04   6.4790000e+04
   6.5236000e+04   3.7995000e+04
   1.2861000e+04   2.4913000e+04
   4.9560000e+03   3.6107000e+04
   4.4797000e+04   4.8847000e+04
   6.3372000e+04   4.3859000e+04
   5.1220000e+03   1.7362000e+04
