   3.1900000e+02   8.1380000e+03
   4.4193000e+04   1.8297000e+04
   2.3215000e+04   3.8389000e+04
   1.6987000e+04   6.3544000e+04
   4.9043000e+04   3.6768000e+04
   1.8431000e+04   1.2230000e+03
   5.8980000e+03   5.2471000e+04
   2.6001000e+04   1.5269000e+04
   4.2100000e+02   5.2895000e+04
   5.7649000e+04   2.5419000e+04
   2.2088000e+04   5.6594000e+04
   1.1071000e+04   4.8964000e+04
   5.1323000e+04   3.6454000e+04
   2.8814000e+04   8.9430000e+03
   5.3467000e+04   3.9270000e+03
   6.2700000e+02   7.9530000e+03
   6.1190000e+04   2.9200000e+03
   1.2943000e+04   7.0450000e+03
   3.3764000e+04   1.4793000e+04
   1.4354000e+04   4.6727000e+04
   6.1371000e+04   3.6682000e+04
   5.5174000e+04   8.2300000e+02
   2.3459000e+04   4.7170000e+03
   2.4679000e+04   6.3392000e+04
   1.0140000e+03   3.7232000e+04
   6.7040000e+03   1.3324000e+04
   1.8364000e+04   1.6537000e+04
   5.4800000e+03   4.8748000e+04
   1.9264000e+04   1.2808000e+04
   4.2892000e+04   3.8100000e+04
   2.6483000e+04   6.3572000e+04
   2.7431000e+04   5.5498000e+04
   5.1693000e+04   1.5719000e+04
   4.7489000e+04   3.2360000e+04
   2.1814000e+04   4.0630000e+04
   1.0517000e+04   5.4329000e+04
   6.4172000e+04   1.0276000e+04
   3.7789000e+04   1.2180000e+03
   3.7656000e+04   4.5890000e+03
   5.3232000e+04   3.1874000e+04
   3.8032000e+04   3.9737000e+04
   4.4055000e+04   3.7281000e+04
   1.5468000e+04   2.0799000e+04
   6.2799000e+04   6.4790000e+04
   2.4321000e+04   3.7995000e+04
   4.9207000e+04   2.4913000e+04
   6.3983000e+04   3.6107000e+04
   3.5441000e+04   4.8847000e+04
   3.8901000e+04   4.3859000e+04
   1.2283000e+04   1.7362000e+04
