   3.8052000e+04   8.1380000e+03
   6.3802000e+04   1.8297000e+04
   1.1333000e+04   3.8389000e+04
   4.1071000e+04   6.3544000e+04
   3.1575000e+04   3.6768000e+04
   5.2020000e+03   1.2230000e+03
   3.0422000e+04   5.2471000e+04
   1.0086000e+04   1.5269000e+04
   3.2883000e+04   5.2895000e+04
   5.7749000e+04   2.5419000e+04
   6.3259000e+04   5.6594000e+04
   5.9979000e+04   4.8964000e+04
   1.5331000e+04   3.6454000e+04
   4.5270000e+03   8.9430000e+03
   2.7790000e+03   3.9270000e+03
   3.5890000e+03   7.9530000e+03
   2.7588000e+04   2.9200000e+03
   7.1190000e+03   7.0450000e+03
   5.7483000e+04   1.4793000e+04
   1.6405000e+04   4.6727000e+04
   2.7123000e+04   3.6682000e+04
   2.7249000e+04   8.2300000e+02
   5.6997000e+04   4.7170000e+03
   2.7662000e+04   6.3392000e+04
   1.6888000e+04   3.7232000e+04
   7.4960000e+03   1.3324000e+04
   6.5053000e+04   1.6537000e+04
   2.0462000e+04   4.8748000e+04
   5.1864000e+04   1.2808000e+04
   3.8763000e+04   3.8100000e+04
   1.9336000e+04   6.3572000e+04
   8.9540000e+03   5.5498000e+04
   3.9897000e+04   1.5719000e+04
   6.2318000e+04   3.2360000e+04
   1.8152000e+04   4.0630000e+04
   5.4516000e+04   5.4329000e+04
   1.2290000e+03   1.0276000e+04
   5.3800000e+03   1.2180000e+03
   1.3665000e+04   4.5890000e+03
   2.3630000e+03   3.1874000e+04
   3.4165000e+04   3.9737000e+04
   3.9689000e+04   3.7281000e+04
   6.1426000e+04   2.0799000e+04
   3.4754000e+04   6.4790000e+04
   5.4239000e+04   3.7995000e+04
   4.8367000e+04   2.4913000e+04
   4.6828000e+04   3.6107000e+04
   5.3347000e+04   4.8847000e+04
   1.7735000e+04   4.3859000e+04
   3.4573000e+04   1.7362000e+04
