   3.5955000e+04   8.1380000e+03
   7.8810000e+03   1.8297000e+04
   4.2260000e+04   3.8389000e+04
   4.2018000e+04   6.3544000e+04
   1.3350000e+03   3.6768000e+04
   5.3320000e+03   1.2230000e+03
   1.0023000e+04   5.2471000e+04
   2.0020000e+03   1.5269000e+04
   5.7626000e+04   5.2895000e+04
   1.6120000e+03   2.5419000e+04
   3.0333000e+04   5.6594000e+04
   3.5724000e+04   4.8964000e+04
   6.0598000e+04   3.6454000e+04
   4.8508000e+04   8.9430000e+03
   2.0410000e+04   3.9270000e+03
   5.4077000e+04   7.9530000e+03
   5.3940000e+03   2.9200000e+03
   1.9644000e+04   7.0450000e+03
   3.0880000e+04   1.4793000e+04
   5.5513000e+04   4.6727000e+04
   1.1535000e+04   3.6682000e+04
   4.8250000e+04   8.2300000e+02
   1.3162000e+04   4.7170000e+03
   6.2354000e+04   6.3392000e+04
   4.6017000e+04   3.7232000e+04
   3.2280000e+03   1.3324000e+04
   3.9119000e+04   1.6537000e+04
   3.5801000e+04   4.8748000e+04
   6.2554000e+04   1.2808000e+04
   2.9610000e+04   3.8100000e+04
   1.8050000e+03   6.3572000e+04
   4.7994000e+04   5.5498000e+04
   2.4644000e+04   1.5719000e+04
   5.1818000e+04   3.2360000e+04
   6.0788000e+04   4.0630000e+04
   2.9412000e+04   5.4329000e+04
   3.9612000e+04   1.0276000e+04
   4.0447000e+04   1.2180000e+03
   2.1292000e+04   4.5890000e+03
   1.4290000e+03   3.1874000e+04
   2.5916000e+04   3.9737000e+04
   7.2710000e+03   3.7281000e+04
   5.7198000e+04   2.0799000e+04
   6.4831000e+04   6.4790000e+04
   5.4428000e+04   3.7995000e+04
   1.5676000e+04   2.4913000e+04
   1.8516000e+04   3.6107000e+04
   4.1555000e+04   4.8847000e+04
   3.6465000e+04   4.3859000e+04
   6.4326000e+04   1.7362000e+04
