   1.8006000e+04   8.1380000e+03
   3.7791000e+04   1.8297000e+04
   1.6787000e+04   3.8389000e+04
   5.3570000e+04   6.3544000e+04
   1.7690000e+04   3.6768000e+04
   4.2662000e+04   1.2230000e+03
   6.3767000e+04   5.2471000e+04
   3.6260000e+03   1.5269000e+04
   5.9550000e+03   5.2895000e+04
   1.0330000e+04   2.5419000e+04
   3.8975000e+04   5.6594000e+04
   5.9798000e+04   4.8964000e+04
   4.8455000e+04   3.6454000e+04
   2.0511000e+04   8.9430000e+03
   3.9134000e+04   3.9270000e+03
   2.1835000e+04   7.9530000e+03
   5.2797000e+04   2.9200000e+03
   4.9300000e+04   7.0450000e+03
   4.5955000e+04   1.4793000e+04
   8.1180000e+03   4.6727000e+04
   2.7311000e+04   3.6682000e+04
   2.9506000e+04   8.2300000e+02
   4.5547000e+04   4.7170000e+03
   2.4700000e+03   6.3392000e+04
   2.8624000e+04   3.7232000e+04
   5.9242000e+04   1.3324000e+04
   5.6521000e+04   1.6537000e+04
   5.7690000e+04   4.8748000e+04
   5.2047000e+04   1.2808000e+04
   2.2341000e+04   3.8100000e+04
   5.6305000e+04   6.3572000e+04
   4.8580000e+03   5.5498000e+04
   6.2460000e+04   1.5719000e+04
   6.0942000e+04   3.2360000e+04
   1.2091000e+04   4.0630000e+04
   4.0947000e+04   5.4329000e+04
   3.6370000e+04   1.0276000e+04
   1.8930000e+03   1.2180000e+03
   2.5778000e+04   4.5890000e+03
   1.6221000e+04   3.1874000e+04
   1.1468000e+04   3.9737000e+04
   1.7566000e+04   3.7281000e+04
   5.6819000e+04   2.0799000e+04
   4.3101000e+04   6.4790000e+04
   6.4601000e+04   3.7995000e+04
   3.3413000e+04   2.4913000e+04
   4.8912000e+04   3.6107000e+04
   3.3780000e+04   4.8847000e+04
   6.5382000e+04   4.3859000e+04
   5.0237000e+04   1.7362000e+04
