   6.0663000e+04   8.1380000e+03
   6.4255000e+04   1.8297000e+04
   4.7530000e+04   3.8389000e+04
   1.9285000e+04   6.3544000e+04
   4.9826000e+04   3.6768000e+04
   3.9677000e+04   1.2230000e+03
   6.0793000e+04   5.2471000e+04
   1.6940000e+04   1.5269000e+04
   5.0270000e+03   5.2895000e+04
   3.7009000e+04   2.5419000e+04
   1.2758000e+04   5.6594000e+04
   3.6415000e+04   4.8964000e+04
   2.8204000e+04   3.6454000e+04
   4.3933000e+04   8.9430000e+03
   9.3190000e+03   3.9270000e+03
   4.1063000e+04   7.9530000e+03
   3.4320000e+03   2.9200000e+03
   3.5823000e+04   7.0450000e+03
   1.0837000e+04   1.4793000e+04
   4.5201000e+04   4.6727000e+04
   1.1101000e+04   3.6682000e+04
   1.0950000e+04   8.2300000e+02
   6.2578000e+04   4.7170000e+03
   1.4322000e+04   6.3392000e+04
   5.3990000e+03   3.7232000e+04
   6.3319000e+04   1.3324000e+04
   3.8900000e+03   1.6537000e+04
   4.9113000e+04   4.8748000e+04
   5.5538000e+04   1.2808000e+04
   1.6682000e+04   3.8100000e+04
   5.7193000e+04   6.3572000e+04
   6.5048000e+04   5.5498000e+04
   5.7750000e+03   1.5719000e+04
   1.7180000e+04   3.2360000e+04
   4.8151000e+04   4.0630000e+04
   2.4847000e+04   5.4329000e+04
   1.6002000e+04   1.0276000e+04
   1.6081000e+04   1.2180000e+03
   1.0473000e+04   4.5890000e+03
   1.7854000e+04   3.1874000e+04
   4.4833000e+04   3.9737000e+04
   3.1927000e+04   3.7281000e+04
   3.6703000e+04   2.0799000e+04
   4.7341000e+04   6.4790000e+04
   5.5704000e+04   3.7995000e+04
   5.2822000e+04   2.4913000e+04
   3.4910000e+04   3.6107000e+04
   2.3537000e+04   4.8847000e+04
   4.0962000e+04   4.3859000e+04
   2.9468000e+04   1.7362000e+04
