   4.8025000e+04   8.1380000e+03
   2.3519000e+04   1.8297000e+04
   2.8658000e+04   3.8389000e+04
   1.5379000e+04   6.3544000e+04
   1.6339000e+04   3.6768000e+04
   1.4460000e+04   1.2230000e+03
   5.8736000e+04   5.2471000e+04
   4.8744000e+04   1.5269000e+04
   6.3849000e+04   5.2895000e+04
   3.7177000e+04   2.5419000e+04
   5.0637000e+04   5.6594000e+04
   1.6261000e+04   4.8964000e+04
   4.9186000e+04   3.6454000e+04
   7.0160000e+03   8.9430000e+03
   3.8272000e+04   3.9270000e+03
   2.5917000e+04   7.9530000e+03
   3.4791000e+04   2.9200000e+03
   3.7725000e+04   7.0450000e+03
   2.6505000e+04   1.4793000e+04
   5.8292000e+04   4.6727000e+04
   2.5321000e+04   3.6682000e+04
   4.6230000e+04   8.2300000e+02
   4.4600000e+03   4.7170000e+03
   4.3818000e+04   6.3392000e+04
   5.6170000e+04   3.7232000e+04
   1.4563000e+04   1.3324000e+04
   5.4312000e+04   1.6537000e+04
   6.3598000e+04   4.8748000e+04
   8.5950000e+03   1.2808000e+04
   1.7030000e+03   3.8100000e+04
   6.4733000e+04   6.3572000e+04
   3.2657000e+04   5.5498000e+04
   5.2162000e+04   1.5719000e+04
   6.3357000e+04   3.2360000e+04
   1.2206000e+04   4.0630000e+04
   5.8900000e+03   5.4329000e+04
   4.2920000e+03   1.0276000e+04
   1.1814000e+04   1.2180000e+03
   4.9365000e+04   4.5890000e+03
   1.3061000e+04   3.1874000e+04
   3.1194000e+04   3.9737000e+04
   2.0907000e+04   3.7281000e+04
   3.9824000e+04   2.0799000e+04
   3.2410000e+04   6.4790000e+04
   1.5684000e+04   3.7995000e+04
   7.1090000e+03   2.4913000e+04
   2.6620000e+03   3.6107000e+04
   2.8810000e+04   4.8847000e+04
   5.3438000e+04   4.3859000e+04
   4.6577000e+04   1.7362000e+04
