   3.3870000e+03   8.1380000e+03
   2.0994000e+04   1.8297000e+04
   2.7849000e+04   3.8389000e+04
   4.5134000e+04   6.3544000e+04
   3.5655000e+04   3.6768000e+04
   3.9059000e+04   1.2230000e+03
   3.0848000e+04   5.2471000e+04
   2.1750000e+03   1.5269000e+04
   4.1179000e+04   5.2895000e+04
   5.9928000e+04   2.5419000e+04
   5.6018000e+04   5.6594000e+04
   6.3776000e+04   4.8964000e+04
   6.1830000e+03   3.6454000e+04
   2.0661000e+04   8.9430000e+03
   6.4676000e+04   3.9270000e+03
   4.5100000e+03   7.9530000e+03
   4.8925000e+04   2.9200000e+03
   4.6236000e+04   7.0450000e+03
   1.0516000e+04   1.4793000e+04
   8.0570000e+03   4.6727000e+04
   2.9040000e+04   3.6682000e+04
   5.2848000e+04   8.2300000e+02
   2.3919000e+04   4.7170000e+03
   5.5461000e+04   6.3392000e+04
   1.8335000e+04   3.7232000e+04
   2.2630000e+03   1.3324000e+04
   2.5719000e+04   1.6537000e+04
   5.2467000e+04   4.8748000e+04
   1.2263000e+04   1.2808000e+04
   4.0660000e+03   3.8100000e+04
   6.2335000e+04   6.3572000e+04
   1.3401000e+04   5.5498000e+04
   1.4829000e+04   1.5719000e+04
   9.3760000e+03   3.2360000e+04
   3.5796000e+04   4.0630000e+04
   6.6860000e+03   5.4329000e+04
   5.5243000e+04   1.0276000e+04
   4.9523000e+04   1.2180000e+03
   1.6753000e+04   4.5890000e+03
   3.4151000e+04   3.1874000e+04
   4.2516000e+04   3.9737000e+04
   6.0500000e+04   3.7281000e+04
   3.1497000e+04   2.0799000e+04
   2.9556000e+04   6.4790000e+04
   6.3475000e+04   3.7995000e+04
   4.7739000e+04   2.4913000e+04
   1.9505000e+04   3.6107000e+04
   5.9500000e+03   4.8847000e+04
   2.9850000e+03   4.3859000e+04
   6.0087000e+04   1.7362000e+04
