   2.4622000e+04   8.1380000e+03
   3.7877000e+04   1.8297000e+04
   2.1210000e+04   3.8389000e+04
   1.0650000e+04   6.3544000e+04
   5.2060000e+03   3.6768000e+04
   5.6588000e+04   1.2230000e+03
   3.6488000e+04   5.2471000e+04
   3.6736000e+04   1.5269000e+04
   6.2392000e+04   5.2895000e+04
   9.2100000e+03   2.5419000e+04
   2.9455000e+04   5.6594000e+04
   2.0274000e+04   4.8964000e+04
   6.5369000e+04   3.6454000e+04
   1.0520000e+04   8.9430000e+03
   4.6964000e+04   3.9270000e+03
   4.0289000e+04   7.9530000e+03
   6.4913000e+04   2.9200000e+03
   2.5169000e+04   7.0450000e+03
   1.0430000e+03   1.4793000e+04
   3.1614000e+04   4.6727000e+04
   1.0289000e+04   3.6682000e+04
   5.6239000e+04   8.2300000e+02
   2.0399000e+04   4.7170000e+03
   4.5643000e+04   6.3392000e+04
   6.4075000e+04   3.7232000e+04
   3.3000000e+03   1.3324000e+04
   4.2849000e+04   1.6537000e+04
   5.0141000e+04   4.8748000e+04
   9.0060000e+03   1.2808000e+04
   1.6611000e+04   3.8100000e+04
   2.8644000e+04   6.3572000e+04
   8.1120000e+03   5.5498000e+04
   5.4730000e+03   1.5719000e+04
   1.8420000e+04   3.2360000e+04
   2.0598000e+04   4.0630000e+04
   5.0624000e+04   5.4329000e+04
   4.7560000e+03   1.0276000e+04
   6.0929000e+04   1.2180000e+03
   6.4581000e+04   4.5890000e+03
   3.4978000e+04   3.1874000e+04
   1.2425000e+04   3.9737000e+04
   6.5039000e+04   3.7281000e+04
   4.5074000e+04   2.0799000e+04
   6.2454000e+04   6.4790000e+04
   2.1125000e+04   3.7995000e+04
   5.4363000e+04   2.4913000e+04
   6.2082000e+04   3.6107000e+04
   4.0399000e+04   4.8847000e+04
   4.6411000e+04   4.3859000e+04
   5.8519000e+04   1.7362000e+04
