   2.2453000e+04   8.1380000e+03
   5.6379000e+04   1.8297000e+04
   3.5970000e+04   3.8389000e+04
   4.4022000e+04   6.3544000e+04
   3.8590000e+03   3.6768000e+04
   1.3580000e+03   1.2230000e+03
   6.3686000e+04   5.2471000e+04
   2.8291000e+04   1.5269000e+04
   3.5161000e+04   5.2895000e+04
   4.5340000e+03   2.5419000e+04
   7.0040000e+03   5.6594000e+04
   5.6440000e+04   4.8964000e+04
   1.4936000e+04   3.6454000e+04
   4.9080000e+04   8.9430000e+03
   1.1597000e+04   3.9270000e+03
   1.8778000e+04   7.9530000e+03
   3.9284000e+04   2.9200000e+03
   2.7729000e+04   7.0450000e+03
   6.3154000e+04   1.4793000e+04
   5.9777000e+04   4.6727000e+04
   5.8354000e+04   3.6682000e+04
   2.2679000e+04   8.2300000e+02
   3.0946000e+04   4.7170000e+03
   7.3720000e+03   6.3392000e+04
   6.1214000e+04   3.7232000e+04
   1.1012000e+04   1.3324000e+04
   1.5487000e+04   1.6537000e+04
   3.4857000e+04   4.8748000e+04
   5.4320000e+03   1.2808000e+04
   1.4393000e+04   3.8100000e+04
   3.9970000e+03   6.3572000e+04
   1.5588000e+04   5.5498000e+04
   8.2280000e+03   1.5719000e+04
   5.6904000e+04   3.2360000e+04
   2.3310000e+04   4.0630000e+04
   1.2971000e+04   5.4329000e+04
   6.6510000e+03   1.0276000e+04
   2.6808000e+04   1.2180000e+03
   1.3297000e+04   4.5890000e+03
   2.8167000e+04   3.1874000e+04
   5.6599000e+04   3.9737000e+04
   6.5266000e+04   3.7281000e+04
   4.3936000e+04   2.0799000e+04
   5.5058000e+04   6.4790000e+04
   5.8578000e+04   3.7995000e+04
   5.2610000e+03   2.4913000e+04
   3.0104000e+04   3.6107000e+04
   6.5036000e+04   4.8847000e+04
   4.4402000e+04   4.3859000e+04
   5.0329000e+04   1.7362000e+04
