   5.3184000e+04   8.1380000e+03
   6.9730000e+03   1.8297000e+04
   4.1660000e+03   3.8389000e+04
   4.0167000e+04   6.3544000e+04
   2.8039000e+04   3.6768000e+04
   6.5201000e+04   1.2230000e+03
   1.9450000e+04   5.2471000e+04
   4.0920000e+03   1.5269000e+04
   6.3818000e+04   5.2895000e+04
   4.0994000e+04   2.5419000e+04
   1.2158000e+04   5.6594000e+04
   1.1385000e+04   4.8964000e+04
   1.4035000e+04   3.6454000e+04
   1.4840000e+04   8.9430000e+03
   3.6793000e+04   3.9270000e+03
   2.8801000e+04   7.9530000e+03
   3.1598000e+04   2.9200000e+03
   1.2243000e+04   7.0450000e+03
   6.3576000e+04   1.4793000e+04
   6.5451000e+04   4.6727000e+04
   4.4859000e+04   3.6682000e+04
   3.2013000e+04   8.2300000e+02
   1.0881000e+04   4.7170000e+03
   9.5300000e+02   6.3392000e+04
   2.3404000e+04   3.7232000e+04
   6.3323000e+04   1.3324000e+04
   4.5193000e+04   1.6537000e+04
   4.7035000e+04   4.8748000e+04
   1.7390000e+03   1.2808000e+04
   4.2908000e+04   3.8100000e+04
   4.1431000e+04   6.3572000e+04
   1.5439000e+04   5.5498000e+04
   5.0242000e+04   1.5719000e+04
   6.3180000e+03   3.2360000e+04
   4.5632000e+04   4.0630000e+04
   5.3556000e+04   5.4329000e+04
   3.4895000e+04   1.0276000e+04
   2.0550000e+03   1.2180000e+03
   2.7884000e+04   4.5890000e+03
   5.1004000e+04   3.1874000e+04
   3.4995000e+04   3.9737000e+04
   5.0662000e+04   3.7281000e+04
   3.9030000e+04   2.0799000e+04
   5.1816000e+04   6.4790000e+04
   1.1823000e+04   3.7995000e+04
   4.2329000e+04   2.4913000e+04
   6.1388000e+04   3.6107000e+04
   2.3296000e+04   4.8847000e+04
   2.8638000e+04   4.3859000e+04
   2.6299000e+04   1.7362000e+04
