   6.1551000e+04   8.1380000e+03
   2.6980000e+03   1.8297000e+04
   3.8995000e+04   3.8389000e+04
   6.0426000e+04   6.3544000e+04
   5.8261000e+04   3.6768000e+04
   2.4637000e+04   1.2230000e+03
   5.6064000e+04   5.2471000e+04
   1.3178000e+04   1.5269000e+04
   2.6769000e+04   5.2895000e+04
   2.3816000e+04   2.5419000e+04
   6.5067000e+04   5.6594000e+04
   2.9199000e+04   4.8964000e+04
   4.9292000e+04   3.6454000e+04
   3.5596000e+04   8.9430000e+03
   8.2720000e+03   3.9270000e+03
   4.6661000e+04   7.9530000e+03
   1.1260000e+03   2.9200000e+03
   6.4834000e+04   7.0450000e+03
   1.9454000e+04   1.4793000e+04
   6.3468000e+04   4.6727000e+04
   2.9731000e+04   3.6682000e+04
   3.6754000e+04   8.2300000e+02
   5.5967000e+04   4.7170000e+03
   3.2580000e+03   6.3392000e+04
   3.8942000e+04   3.7232000e+04
   4.6680000e+03   1.3324000e+04
   1.1800000e+04   1.6537000e+04
   5.4203000e+04   4.8748000e+04
   2.3893000e+04   1.2808000e+04
   9.5320000e+03   3.8100000e+04
   3.4340000e+03   6.3572000e+04
   1.5530000e+04   5.5498000e+04
   3.0440000e+03   1.5719000e+04
   1.3374000e+04   3.2360000e+04
   4.7927000e+04   4.0630000e+04
   1.5699000e+04   5.4329000e+04
   3.9763000e+04   1.0276000e+04
   5.2247000e+04   1.2180000e+03
   4.4173000e+04   4.5890000e+03
   3.0638000e+04   3.1874000e+04
   5.4374000e+04   3.9737000e+04
   2.4447000e+04   3.7281000e+04
   9.4380000e+03   2.0799000e+04
   1.3007000e+04   6.4790000e+04
   4.7015000e+04   3.7995000e+04
   3.5120000e+03   2.4913000e+04
   1.9682000e+04   3.6107000e+04
   5.1554000e+04   4.8847000e+04
   2.2270000e+04   4.3859000e+04
   6.8630000e+03   1.7362000e+04
