   4.8181000e+04   8.1380000e+03
   4.8052000e+04   1.8297000e+04
   2.7249000e+04   3.8389000e+04
   2.0574000e+04   6.3544000e+04
   1.1518000e+04   3.6768000e+04
   2.0913000e+04   1.2230000e+03
   2.1367000e+04   5.2471000e+04
   2.4993000e+04   1.5269000e+04
   4.1916000e+04   5.2895000e+04
   2.5527000e+04   2.5419000e+04
   6.5159000e+04   5.6594000e+04
   6.4660000e+04   4.8964000e+04
   5.9858000e+04   3.6454000e+04
   3.7783000e+04   8.9430000e+03
   5.5273000e+04   3.9270000e+03
   6.2778000e+04   7.9530000e+03
   4.8705000e+04   2.9200000e+03
   5.5354000e+04   7.0450000e+03
   3.2686000e+04   1.4793000e+04
   1.7003000e+04   4.6727000e+04
   2.8895000e+04   3.6682000e+04
   1.3356000e+04   8.2300000e+02
   1.7309000e+04   4.7170000e+03
   4.1711000e+04   6.3392000e+04
   2.0500000e+02   3.7232000e+04
   6.5356000e+04   1.3324000e+04
   2.8516000e+04   1.6537000e+04
   5.5477000e+04   4.8748000e+04
   6.1432000e+04   1.2808000e+04
   5.0210000e+03   3.8100000e+04
   6.2174000e+04   6.3572000e+04
   5.7908000e+04   5.5498000e+04
   4.1815000e+04   1.5719000e+04
   5.6021000e+04   3.2360000e+04
   5.5742000e+04   4.0630000e+04
   5.3106000e+04   5.4329000e+04
   5.1703000e+04   1.0276000e+04
   2.9776000e+04   1.2180000e+03
   1.6359000e+04   4.5890000e+03
   2.4922000e+04   3.1874000e+04
   3.3501000e+04   3.9737000e+04
   6.4425000e+04   3.7281000e+04
   2.0465000e+04   2.0799000e+04
   9.1750000e+03   6.4790000e+04
   4.6465000e+04   3.7995000e+04
   5.9440000e+03   2.4913000e+04
   3.8197000e+04   3.6107000e+04
   1.6738000e+04   4.8847000e+04
   4.6937000e+04   4.3859000e+04
   4.2070000e+04   1.7362000e+04
