   3.7922000e+04   8.1380000e+03
   2.2527000e+04   1.8297000e+04
   3.7302000e+04   3.8389000e+04
   6.5249000e+04   6.3544000e+04
   6.2827000e+04   3.6768000e+04
   6.3697000e+04   1.2230000e+03
   3.2284000e+04   5.2471000e+04
   5.5004000e+04   1.5269000e+04
   3.0545000e+04   5.2895000e+04
   3.7055000e+04   2.5419000e+04
   4.5900000e+03   5.6594000e+04
   6.4943000e+04   4.8964000e+04
   9.4850000e+03   3.6454000e+04
   3.9773000e+04   8.9430000e+03
   1.6627000e+04   3.9270000e+03
   4.0939000e+04   7.9530000e+03
   2.7410000e+03   2.9200000e+03
   7.5280000e+03   7.0450000e+03
   1.0460000e+03   1.4793000e+04
   4.4217000e+04   4.6727000e+04
   7.3020000e+03   3.6682000e+04
   2.2900000e+03   8.2300000e+02
   4.8239000e+04   4.7170000e+03
   1.8345000e+04   6.3392000e+04
   6.4164000e+04   3.7232000e+04
   2.5468000e+04   1.3324000e+04
   4.4549000e+04   1.6537000e+04
   7.9620000e+03   4.8748000e+04
   2.3911000e+04   1.2808000e+04
   3.3890000e+04   3.8100000e+04
   5.1506000e+04   6.3572000e+04
   8.8840000e+03   5.5498000e+04
   2.8731000e+04   1.5719000e+04
   2.0581000e+04   3.2360000e+04
   4.2059000e+04   4.0630000e+04
   5.7530000e+04   5.4329000e+04
   5.3311000e+04   1.0276000e+04
   2.4719000e+04   1.2180000e+03
   4.4445000e+04   4.5890000e+03
   5.5179000e+04   3.1874000e+04
   5.4899000e+04   3.9737000e+04
   3.5619000e+04   3.7281000e+04
   3.8456000e+04   2.0799000e+04
   1.1256000e+04   6.4790000e+04
   3.8159000e+04   3.7995000e+04
   3.2150000e+04   2.4913000e+04
   3.7515000e+04   3.6107000e+04
   4.3677000e+04   4.8847000e+04
   1.7459000e+04   4.3859000e+04
   2.4187000e+04   1.7362000e+04
