   1.4060000e+04   8.1380000e+03
   7.1940000e+03   1.8297000e+04
   5.3129000e+04   3.8389000e+04
   6.4705000e+04   6.3544000e+04
   3.6910000e+04   3.6768000e+04
   5.2110000e+03   1.2230000e+03
   1.4489000e+04   5.2471000e+04
   2.8431000e+04   1.5269000e+04
   2.0553000e+04   5.2895000e+04
   5.0591000e+04   2.5419000e+04
   4.4337000e+04   5.6594000e+04
   2.4380000e+03   4.8964000e+04
   3.7508000e+04   3.6454000e+04
   1.6234000e+04   8.9430000e+03
   4.9375000e+04   3.9270000e+03
   1.3298000e+04   7.9530000e+03
   5.0244000e+04   2.9200000e+03
   4.3945000e+04   7.0450000e+03
   5.5455000e+04   1.4793000e+04
   6.2470000e+04   4.6727000e+04
   6.3929000e+04   3.6682000e+04
   3.0061000e+04   8.2300000e+02
   5.7410000e+04   4.7170000e+03
   5.9630000e+04   6.3392000e+04
   4.0250000e+04   3.7232000e+04
   5.8022000e+04   1.3324000e+04
   4.3485000e+04   1.6537000e+04
   3.7007000e+04   4.8748000e+04
   2.2710000e+04   1.2808000e+04
   1.0103000e+04   3.8100000e+04
   3.0799000e+04   6.3572000e+04
   7.1440000e+03   5.5498000e+04
   6.3823000e+04   1.5719000e+04
   6.5523000e+04   3.2360000e+04
   4.2003000e+04   4.0630000e+04
   5.3580000e+03   5.4329000e+04
   3.2367000e+04   1.0276000e+04
   5.7709000e+04   1.2180000e+03
   4.3165000e+04   4.5890000e+03
   1.9051000e+04   3.1874000e+04
   2.1182000e+04   3.9737000e+04
   3.8367000e+04   3.7281000e+04
   7.7110000e+03   2.0799000e+04
   3.5028000e+04   6.4790000e+04
   6.5050000e+04   3.7995000e+04
   1.6332000e+04   2.4913000e+04
   3.8694000e+04   3.6107000e+04
   6.4351000e+04   4.8847000e+04
   5.9276000e+04   4.3859000e+04
   2.9235000e+04   1.7362000e+04
