   4.6806000e+04   1.8489000e+04
   5.2767000e+04   4.5890000e+03
   8.3600000e+03   3.6768000e+04
   3.9363000e+04   3.9737000e+04
   1.5430000e+04   3.8389000e+04
   4.0076000e+04   4.0630000e+04
   6.3205000e+04   5.2471000e+04
   1.6633000e+04   5.6594000e+04
   2.6238000e+04   1.5269000e+04
   2.9038000e+04   3.7552000e+04
   2.8629000e+04   8.2300000e+02
   2.7908000e+04   3.6107000e+04
   3.5428000e+04   3.8787000e+04
   4.0578000e+04   3.9270000e+03
   5.1499000e+04   5.4480000e+04
   1.2710000e+03   4.8964000e+04
   6.5323000e+04   2.5419000e+04
   3.2495000e+04   3.1874000e+04
   5.1975000e+04   1.3225000e+04
   4.4310000e+03   4.8847000e+04
   5.1831000e+04   4.4300000e+03
   5.7815000e+04   3.6597000e+04
   2.2517000e+04   1.6537000e+04
   6.3959000e+04   3.6454000e+04
   1.5040000e+03   1.7362000e+04
   2.6382000e+04   5.4329000e+04
   1.4230000e+03   1.4793000e+04
   5.8697000e+04   1.2180000e+03
   4.5506000e+04   3.7166000e+04
   3.4141000e+04   1.2808000e+04
   1.2267000e+04   1.2230000e+03
   4.7686000e+04   4.2957000e+04
   2.4098000e+04   4.7850000e+03
   9.2220000e+03   3.8100000e+04
   3.8875000e+04   8.9430000e+03
   1.9389000e+04   2.9200000e+03
   3.9802000e+04   8.1380000e+03
   2.4601000e+04   3.7232000e+04
   2.1530000e+03   7.0450000e+03
   6.3744000e+04   6.3544000e+04
   3.4289000e+04   5.9993000e+04
   3.4821000e+04   4.3859000e+04
   4.1211000e+04   3.4501000e+04
   6.3142000e+04   5.5498000e+04
   5.3468000e+04   3.2360000e+04
   6.1596000e+04   5.7422000e+04
   3.6641000e+04   4.8748000e+04
   1.7407000e+04   3.6682000e+04
   3.4204000e+04   5.2895000e+04
   1.1899000e+04   3.7995000e+04
   4.4396000e+04   5.9801000e+04
   3.4011000e+04   6.1613000e+04
   5.3186000e+04   7.9530000e+03
   3.9987000e+04   4.7170000e+03
   2.0214000e+04   2.4913000e+04
   1.9274000e+04   6.3572000e+04
   5.8103000e+04   4.8613000e+04
   4.9387000e+04   4.6727000e+04
   5.0168000e+04   6.4790000e+04
   4.6360000e+03   1.8297000e+04
   2.7812000e+04   1.0276000e+04
   4.1508000e+04   3.0953000e+04
   8.1260000e+03   1.3324000e+04
   6.0408000e+04   1.5719000e+04
   2.3846000e+04   6.3392000e+04
   2.9227000e+04   2.0799000e+04
   4.3940000e+04   3.7281000e+04
