   5.1188000e+04   2.4913000e+04
   2.7480000e+03   1.7362000e+04
   2.6246000e+04   6.1606000e+04
   5.8319000e+04   6.3392000e+04
   1.5291000e+04   5.4329000e+04
   3.6519000e+04   5.5277000e+04
   6.4601000e+04   1.3324000e+04
   6.0990000e+04   2.5172000e+04
   3.7999000e+04   4.6727000e+04
   5.4980000e+04   2.6452000e+04
   3.6125000e+04   4.5673000e+04
   4.9294000e+04   2.4320000e+04
   3.2198000e+04   5.2375000e+04
   5.4169000e+04   5.2471000e+04
   8.9280000e+03   5.5498000e+04
   5.8733000e+04   1.4843000e+04
   2.1972000e+04   5.4100000e+03
   3.0924000e+04   3.3515000e+04
   5.6606000e+04   1.2230000e+03
   4.2251000e+04   5.1830000e+04
   6.3480000e+04   3.7232000e+04
   6.5021000e+04   3.9737000e+04
   2.4844000e+04   1.4235000e+04
   3.7904000e+04   4.8847000e+04
   3.9848000e+04   1.5719000e+04
   4.9499000e+04   1.4703000e+04
   3.1900000e+03   3.1874000e+04
   2.6978000e+04   3.5414000e+04
   4.8962000e+04   4.8964000e+04
   3.9238000e+04   2.4639000e+04
   4.0800000e+03   4.0630000e+04
   6.0209000e+04   3.6682000e+04
   4.4015000e+04   3.7995000e+04
   3.4220000e+03   3.7281000e+04
   8.3120000e+03   6.3544000e+04
   5.3265000e+04   4.7170000e+03
   6.0909000e+04   6.4447000e+04
   2.8714000e+04   8.9430000e+03
   1.4737000e+04   6.2682000e+04
   2.4295000e+04   6.5319000e+04
   7.4540000e+03   6.4086000e+04
   4.3198000e+04   3.9270000e+03
   4.4771000e+04   1.2180000e+03
   4.2345000e+04   1.4888000e+04
   6.6750000e+03   1.8297000e+04
   2.0865000e+04   5.3781000e+04
   2.9694000e+04   2.5419000e+04
   4.7566000e+04   4.5890000e+03
   1.7044000e+04   3.8389000e+04
   5.3881000e+04   3.4420000e+04
   1.4867000e+04   4.9489000e+04
   7.3790000e+03   3.2360000e+04
   5.2779000e+04   5.9608000e+04
   1.0185000e+04   2.9200000e+03
   6.1084000e+04   1.4793000e+04
   3.1415000e+04   2.9306000e+04
   3.4732000e+04   3.6454000e+04
   2.2471000e+04   1.2230000e+03
   2.0527000e+04   4.3859000e+04
   5.6464000e+04   2.7184000e+04
   6.4934000e+04   3.8100000e+04
   5.3470000e+04   4.0676000e+04
   4.3528000e+04   5.5805000e+04
   4.9838000e+04   8.1380000e+03
   3.1865000e+04   1.5269000e+04
   3.5670000e+04   6.4790000e+04
   1.8330000e+03   6.3572000e+04
   3.7054000e+04   7.9530000e+03
   5.3691000e+04   1.3658000e+04
   3.6251000e+04   3.6768000e+04
   1.1883000e+04   3.6107000e+04
   2.4120000e+04   1.2808000e+04
   8.6160000e+03   2.0799000e+04
   3.2279000e+04   2.8290000e+04
   6.1678000e+04   8.2300000e+02
   4.4615000e+04   1.1232000e+04
   1.7260000e+04   5.6594000e+04
   4.8906000e+04   7.0450000e+03
   1.5578000e+04   5.2895000e+04
   1.6383000e+04   4.8748000e+04
   6.1323000e+04   1.0276000e+04
   2.6765000e+04   1.6537000e+04
