   2.0797000e+04   6.0771000e+04
   4.4293000e+04   3.7281000e+04
   4.2154000e+04   1.5269000e+04
   3.0302000e+04   6.4790000e+04
   4.0514000e+04   1.2230000e+03
   4.4462000e+04   1.2180000e+03
   2.1532000e+04   2.5419000e+04
   2.5567000e+04   8.9430000e+03
   3.6655000e+04   5.6594000e+04
   1.4916000e+04   1.3009000e+04
   3.8520000e+03   3.7232000e+04
   5.6383000e+04   1.7362000e+04
   3.4875000e+04   8.1380000e+03
   6.3960000e+04   7.0450000e+03
   2.4068000e+04   5.6369000e+04
   6.0042000e+04   3.9270000e+03
   1.4286000e+04   3.6454000e+04
   2.9212000e+04   2.0799000e+04
   4.2325000e+04   4.1997000e+04
   3.4054000e+04   2.2722000e+04
   1.1485000e+04   2.9025000e+04
   5.7750000e+04   3.8100000e+04
   5.1031000e+04   7.9530000e+03
   6.2742000e+04   4.5890000e+03
   5.8533000e+04   8.2300000e+02
   4.3883000e+04   3.9737000e+04
   1.4820000e+04   5.2077000e+04
   3.1947000e+04   5.5498000e+04
   6.2470000e+03   5.2895000e+04
   3.0101000e+04   5.9221000e+04
   2.8968000e+04   1.9557000e+04
   5.1548000e+04   1.5719000e+04
   4.1751000e+04   2.9200000e+03
   8.8290000e+03   4.6727000e+04
   2.6706000e+04   6.3544000e+04
   5.1222000e+04   4.8748000e+04
   4.4670000e+03   3.6682000e+04
   6.0950000e+04   5.2471000e+04
   2.3189000e+04   6.4567000e+04
   8.6910000e+03   4.8588000e+04
   9.6290000e+03   4.0630000e+04
   5.3180000e+03   1.0276000e+04
   9.5530000e+03   3.5620000e+03
   5.6079000e+04   6.3572000e+04
   2.1291000e+04   6.3392000e+04
   5.1109000e+04   4.8964000e+04
   3.2756000e+04   4.8847000e+04
   1.7827000e+04   3.8984000e+04
   4.7571000e+04   4.8385000e+04
   2.4931000e+04   1.4793000e+04
   3.3486000e+04   1.3324000e+04
   1.2058000e+04   4.3859000e+04
   3.8035000e+04   3.2360000e+04
   4.6831000e+04   1.8297000e+04
   4.4057000e+04   4.7170000e+03
   4.9268000e+04   3.6107000e+04
   2.6040000e+04   3.6768000e+04
   6.3653000e+04   3.1874000e+04
   2.9823000e+04   3.8389000e+04
   6.5150000e+04   1.2808000e+04
   5.8363000e+04   5.4329000e+04
   3.6456000e+04   1.6537000e+04
   7.1280000e+03   2.4913000e+04
   4.2660000e+04   3.7995000e+04
