   8.7370000e+03   3.6107000e+04
   1.6897000e+04   2.8448000e+04
   7.1820000e+03   3.7232000e+04
   2.0504000e+04   1.0276000e+04
   6.1116000e+04   4.4513000e+04
   2.3137000e+04   1.6537000e+04
   3.5447000e+04   7.9850000e+03
   5.7410000e+03   3.6682000e+04
   2.5787000e+04   5.8845000e+04
   4.4489000e+04   2.3726000e+04
   4.2711000e+04   2.0460000e+03
   3.3067000e+04   9.6940000e+03
   5.1140000e+03   1.5269000e+04
   4.0951000e+04   1.5719000e+04
   2.7996000e+04   4.2280000e+03
   3.1775000e+04   8.1380000e+03
   5.6637000e+04   3.4716000e+04
   2.4100000e+04   4.5815000e+04
   4.5450000e+04   5.0797000e+04
   3.5596000e+04   1.3324000e+04
   1.8970000e+03   3.7281000e+04
   6.0957000e+04   1.0504000e+04
   4.5091000e+04   4.3859000e+04
   1.6681000e+04   3.2360000e+04
   4.4172000e+04   2.5956000e+04
   4.0191000e+04   3.9737000e+04
   5.9663000e+04   4.7281000e+04
   1.7144000e+04   3.6454000e+04
   5.2936000e+04   5.8645000e+04
   5.2215000e+04   5.4329000e+04
   2.4643000e+04   8.2300000e+02
   4.9250000e+03   2.4913000e+04
   3.8079000e+04   2.0799000e+04
   3.5170000e+04   3.6768000e+04
   8.6430000e+03   6.3392000e+04
   5.5518000e+04   3.8394000e+04
   6.3439000e+04   3.9270000e+03
   5.7065000e+04   1.8224000e+04
   2.9398000e+04   1.7095000e+04
   1.1630000e+04   4.0766000e+04
   1.3382000e+04   7.9530000e+03
   3.2956000e+04   4.5890000e+03
   5.8750000e+04   4.5460000e+03
   5.4390000e+04   3.8389000e+04
   2.2993000e+04   3.4945000e+04
   1.7395000e+04   5.6594000e+04
   5.0200000e+02   3.1874000e+04
   3.6809000e+04   6.3544000e+04
   4.7783000e+04   3.1970000e+03
   3.3318000e+04   5.1230000e+04
   4.9084000e+04   4.0630000e+04
   2.8081000e+04   3.9713000e+04
   4.9354000e+04   7.0450000e+03
   4.3150000e+03   4.6727000e+04
   1.6995000e+04   5.4031000e+04
   6.3307000e+04   8.9430000e+03
   7.0350000e+03   5.2471000e+04
   3.5100000e+03   1.7362000e+04
   4.1340000e+04   3.7467000e+04
   5.4450000e+03   6.3572000e+04
   5.1643000e+04   1.0260000e+04
   5.5947000e+04   2.0720000e+03
   6.5123000e+04   1.8297000e+04
   4.4932000e+04   5.2895000e+04
   3.7326000e+04   3.7995000e+04
   2.0302000e+04   5.5498000e+04
   1.4265000e+04   2.9200000e+03
   6.0877000e+04   1.3245000e+04
   1.7530000e+04   1.2230000e+03
   5.7365000e+04   4.8847000e+04
   6.4618000e+04   3.8100000e+04
   5.4086000e+04   6.4790000e+04
   4.6680000e+04   1.8024000e+04
   3.9559000e+04   4.7170000e+03
   5.5835000e+04   1.7990000e+04
   4.8661000e+04   4.8964000e+04
   1.6773000e+04   1.4793000e+04
   3.1830000e+03   2.5419000e+04
   2.4303000e+04   1.2808000e+04
   2.1637000e+04   1.2180000e+03
   2.8551000e+04   4.8748000e+04
