   3.5686000e+04   2.9897000e+04
   5.4753000e+04   3.2360000e+04
   1.4020000e+04   2.4913000e+04
   4.5721000e+04   2.1425000e+04
   1.9956000e+04   5.4329000e+04
   3.0171000e+04   1.3068000e+04
   1.8309000e+04   1.2808000e+04
   1.9606000e+04   8.1380000e+03
   5.9653000e+04   3.6768000e+04
   2.7531000e+04   1.8297000e+04
   5.7145000e+04   6.0730000e+03
   4.8141000e+04   7.9530000e+03
   3.8827000e+04   3.7281000e+04
   1.1580000e+04   1.0444000e+04
   2.3783000e+04   5.2895000e+04
   4.4490000e+04   6.0232000e+04
   2.2927000e+04   1.2230000e+03
   2.5557000e+04   6.3544000e+04
   2.7810000e+03   4.0630000e+04
   5.0968000e+04   4.3400000e+02
   2.9685000e+04   2.0799000e+04
   2.7282000e+04   1.6560000e+03
   5.2514000e+04   1.7362000e+04
   4.8554000e+04   5.1700000e+04
   3.7420000e+04   3.6682000e+04
   6.5860000e+03   5.2471000e+04
   6.4281000e+04   3.7995000e+04
   3.1058000e+04   3.8100000e+04
   4.7066000e+04   3.6454000e+04
   2.8946000e+04   1.5719000e+04
   5.2827000e+04   4.7090000e+04
   6.5391000e+04   4.7170000e+03
   4.0537000e+04   2.3544000e+04
   4.2250000e+04   1.8370000e+04
   1.8047000e+04   1.2840000e+03
   3.4862000e+04   6.3392000e+04
   6.1264000e+04   4.8847000e+04
   6.0031000e+04   1.5269000e+04
   6.0580000e+04   5.6594000e+04
   1.6942000e+04   2.2126000e+04
   4.6439000e+04   1.4793000e+04
   6.4820000e+03   4.3859000e+04
   4.9262000e+04   4.8964000e+04
   3.0302000e+04   1.6916000e+04
   2.5413000e+04   6.3495000e+04
   3.4455000e+04   6.4790000e+04
   1.5107000e+04   3.7192000e+04
   3.7061000e+04   1.3324000e+04
   5.9180000e+03   4.8748000e+04
   5.6011000e+04   2.2927000e+04
   1.9163000e+04   8.2300000e+02
   7.0830000e+03   3.9270000e+03
   1.4469000e+04   3.8389000e+04
   5.1030000e+04   3.1874000e+04
   4.3767000e+04   4.3113000e+04
   9.9030000e+03   4.5905000e+04
   4.5858000e+04   2.5419000e+04
   4.3082000e+04   2.9200000e+03
   6.3803000e+04   3.9737000e+04
   5.4692000e+04   3.7232000e+04
   1.9771000e+04   4.0069000e+04
   3.6290000e+03   8.9430000e+03
   2.7121000e+04   4.5890000e+03
   1.5172000e+04   1.9368000e+04
   2.2119000e+04   6.3572000e+04
   4.0250000e+04   1.7177000e+04
   2.3571000e+04   4.6727000e+04
   1.5570000e+04   1.6537000e+04
   7.3180000e+03   7.0450000e+03
   4.5224000e+04   1.2180000e+03
   5.6523000e+04   3.6107000e+04
   1.8455000e+04   1.0276000e+04
