   3.6237000e+04   1.3652000e+04
   4.3320000e+03   3.8100000e+04
   1.7290000e+03   3.7281000e+04
   4.0529000e+04   5.4729000e+04
   5.5640000e+04   5.5498000e+04
   2.2797000e+04   2.7769000e+04
   5.6620000e+03   1.3324000e+04
   5.2131000e+04   2.5599000e+04
   4.1979000e+04   1.8297000e+04
   4.0675000e+04   2.2828000e+04
   2.5249000e+04   3.2081000e+04
   3.7992000e+04   3.6454000e+04
   3.9849000e+04   1.2180000e+03
   5.5868000e+04   3.5690000e+03
   1.1668000e+04   1.2230000e+03
   1.4930000e+04   5.6086000e+04
   5.8303000e+04   3.8389000e+04
   1.9324000e+04   8.1380000e+03
   6.5140000e+04   6.3572000e+04
   1.9447000e+04   3.6107000e+04
   5.0571000e+04   6.4960000e+03
   4.9201000e+04   4.5890000e+03
   6.2777000e+04   2.9400000e+03
   4.2420000e+03   2.4913000e+04
   3.4369000e+04   2.9937000e+04
   1.7494000e+04   7.0450000e+03
   4.3075000e+04   6.3544000e+04
   6.4660000e+03   3.9737000e+04
   6.2450000e+04   1.6537000e+04
   1.0954000e+04   4.8847000e+04
   3.0751000e+04   2.5419000e+04
   5.3313000e+04   1.2808000e+04
   2.1983000e+04   6.2640000e+03
   4.9909000e+04   4.6727000e+04
   4.5875000e+04   2.4463000e+04
   4.3470000e+04   7.3240000e+03
   4.6395000e+04   3.8168000e+04
   2.6300000e+02   3.6682000e+04
   6.8070000e+03   6.4790000e+04
   5.3516000e+04   3.6768000e+04
   1.2535000e+04   1.5269000e+04
   6.0052000e+04   6.0000000e+00
   3.7145000e+04   7.9530000e+03
   4.4597000e+04   3.7995000e+04
   6.2570000e+04   5.2895000e+04
   3.1217000e+04   4.6166000e+04
   6.0872000e+04   6.7560000e+03
   5.1036000e+04   3.1874000e+04
   1.6833000e+04   6.0670000e+03
   2.4527000e+04   4.7170000e+03
   4.6264000e+04   3.7232000e+04
   2.5007000e+04   1.3743000e+04
   3.1160000e+03   1.4793000e+04
   4.3249000e+04   4.8964000e+04
   5.1775000e+04   3.4619000e+04
   8.0470000e+03   5.4329000e+04
   4.0284000e+04   5.2220000e+04
   5.4019000e+04   2.1986000e+04
   1.6543000e+04   5.2471000e+04
   5.7526000e+04   8.9430000e+03
   1.2135000e+04   1.7362000e+04
   2.4372000e+04   1.0276000e+04
   2.3272000e+04   8.2300000e+02
   2.7234000e+04   3.3317000e+04
   1.1416000e+04   5.6594000e+04
   4.4786000e+04   4.0630000e+04
   2.1618000e+04   4.3859000e+04
   4.9826000e+04   4.1546000e+04
   2.8569000e+04   4.8748000e+04
   3.1491000e+04   6.5499000e+04
   1.3056000e+04   2.9200000e+03
   3.4473000e+04   6.3392000e+04
   1.2241000e+04   3.9270000e+03
   6.4266000e+04   3.2360000e+04
   4.0440000e+03   2.0799000e+04
   6.5471000e+04   1.5719000e+04
