   2.8274000e+04   3.7233000e+04
   1.9035000e+04   4.5890000e+03
   4.2741000e+04   3.6768000e+04
   7.4650000e+03   3.9737000e+04
   4.7477000e+04   3.8389000e+04
   3.7624000e+04   4.0630000e+04
   5.6221000e+04   5.2471000e+04
   2.9378000e+04   5.6594000e+04
   9.7770000e+03   1.5269000e+04
   2.6052000e+04   4.0288000e+04
   5.5534000e+04   8.2300000e+02
   2.1636000e+04   3.6107000e+04
   1.2585000e+04   5.0996000e+04
   2.9794000e+04   3.9270000e+03
   4.0432000e+04   2.4594000e+04
   1.5778000e+04   4.8964000e+04
   3.6679000e+04   2.5419000e+04
   5.9881000e+04   3.1874000e+04
   3.1042000e+04   3.0130000e+04
   1.6902000e+04   4.8847000e+04
   1.8163000e+04   4.3557000e+04
   3.0083000e+04   4.9049000e+04
   3.5761000e+04   1.6537000e+04
   5.6337000e+04   3.6454000e+04
   6.0985000e+04   1.7362000e+04
   4.7365000e+04   5.4329000e+04
   6.1695000e+04   1.4793000e+04
   6.5019000e+04   1.2180000e+03
   3.2194000e+04   2.0030000e+03
   4.3956000e+04   1.2808000e+04
   3.0625000e+04   1.2230000e+03
   3.6529000e+04   4.2306000e+04
   2.4068000e+04   5.6369000e+04
   2.0768000e+04   3.8100000e+04
   5.1880000e+03   8.9430000e+03
   1.3212000e+04   2.9200000e+03
   6.4854000e+04   8.1380000e+03
   2.2580000e+03   3.7232000e+04
   1.1036000e+04   7.0450000e+03
   2.4335000e+04   6.3544000e+04
   5.0735000e+04   4.3629000e+04
   1.1766000e+04   4.3859000e+04
   5.2671000e+04   3.1295000e+04
   5.9019000e+04   5.5498000e+04
   5.8707000e+04   3.2360000e+04
   2.5940000e+04   6.2527000e+04
   3.3770000e+03   4.8748000e+04
   6.2629000e+04   3.6682000e+04
   3.9105000e+04   5.2895000e+04
   4.8183000e+04   3.7995000e+04
   2.3139000e+04   4.5362000e+04
   8.6160000e+03   2.1651000e+04
   4.9289000e+04   7.9530000e+03
   1.4023000e+04   4.7170000e+03
   2.3361000e+04   2.4913000e+04
   5.8057000e+04   6.3572000e+04
   3.4369000e+04   2.9937000e+04
   4.0617000e+04   4.6727000e+04
   4.4155000e+04   6.4790000e+04
   5.5090000e+03   1.8297000e+04
   6.4510000e+04   1.0276000e+04
   2.2211000e+04   6.0353000e+04
   4.5885000e+04   1.3324000e+04
   4.8830000e+04   1.5719000e+04
   1.4382000e+04   6.3392000e+04
   4.5592000e+04   2.0799000e+04
   6.0444000e+04   3.7281000e+04
