   5.1280000e+03   3.9737000e+04
   1.3280000e+03   3.7995000e+04
   2.0729000e+04   4.2596000e+04
   4.2710000e+04   1.4793000e+04
   1.9897000e+04   6.3572000e+04
   2.4873000e+04   1.0670000e+03
   2.0374000e+04   3.6682000e+04
   1.4539000e+04   1.3958000e+04
   5.1170000e+03   3.9270000e+03
   1.4652000e+04   3.1177000e+04
   7.6490000e+03   3.3579000e+04
   8.5430000e+03   6.1476000e+04
   5.2725000e+04   1.5710000e+03
   1.2284000e+04   1.8297000e+04
   1.5150000e+04   1.6537000e+04
   5.7300000e+03   1.3270000e+04
   2.7236000e+04   4.6653000e+04
   5.1606000e+04   1.0092000e+04
   2.1059000e+04   5.6400000e+03
   5.5750000e+04   3.0616000e+04
   2.7697000e+04   4.6727000e+04
   5.3186000e+04   5.4329000e+04
   4.9921000e+04   5.1090000e+03
   1.9484000e+04   2.0799000e+04
   6.4216000e+04   4.8748000e+04
   4.5715000e+04   2.8430000e+03
   4.8020000e+04   4.0630000e+04
   5.4992000e+04   9.6490000e+03
   2.7002000e+04   5.2471000e+04
   2.3331000e+04   4.2623000e+04
   9.4670000e+03   1.7362000e+04
   1.5937000e+04   3.8100000e+04
   6.1345000e+04   7.9530000e+03
   6.0161000e+04   3.1874000e+04
   3.5052000e+04   1.0276000e+04
   4.7967000e+04   9.7440000e+03
   6.1871000e+04   3.6107000e+04
   1.9160000e+04   7.0450000e+03
   5.2800000e+03   4.3859000e+04
   1.2946000e+04   4.6220000e+04
   4.8162000e+04   5.2895000e+04
   3.6135000e+04   1.0950000e+03
   5.9970000e+04   7.2120000e+03
   3.7015000e+04   3.9785000e+04
   3.9380000e+03   2.5419000e+04
   5.7553000e+04   1.5719000e+04
   2.3026000e+04   3.4295000e+04
   3.2247000e+04   5.1344000e+04
   8.2830000e+03   6.3584000e+04
   5.2310000e+04   4.8847000e+04
   1.4712000e+04   3.6768000e+04
   2.0818000e+04   3.2360000e+04
   3.5507000e+04   4.8656000e+04
   2.9895000e+04   4.1307000e+04
   6.1957000e+04   5.5604000e+04
   3.3113000e+04   1.2808000e+04
   4.1825000e+04   1.0513000e+04
   2.7650000e+03   4.8964000e+04
   1.0777000e+04   8.9430000e+03
   4.2279000e+04   2.0191000e+04
   4.6265000e+04   1.5269000e+04
   5.2404000e+04   8.1380000e+03
   5.6671000e+04   6.4790000e+04
   4.7541000e+04   5.4412000e+04
   3.0495000e+04   3.7232000e+04
   4.6628000e+04   4.2879000e+04
   5.3038000e+04   1.5009000e+04
   3.7682000e+04   6.1055000e+04
   6.4630000e+04   2.4913000e+04
   3.2719000e+04   3.8389000e+04
   2.6559000e+04   4.5890000e+03
   1.2169000e+04   1.3324000e+04
   3.8818000e+04   5.6594000e+04
   5.4852000e+04   3.4843000e+04
   3.7444000e+04   3.3650000e+03
   2.8547000e+04   3.7281000e+04
   3.0119000e+04   6.3392000e+04
   3.5140000e+03   1.2180000e+03
   2.2681000e+04   3.2804000e+04
   6.3671000e+04   2.9200000e+03
   5.4142000e+04   3.0973000e+04
   2.1493000e+04   1.2230000e+03
   4.4135000e+04   3.6454000e+04
   2.2173000e+04   6.3544000e+04
   2.1530000e+03   4.7170000e+03
   4.0968000e+04   5.5498000e+04
   6.1790000e+04   8.2300000e+02
