   2.2543000e+04   2.0799000e+04
   3.2398000e+04   3.6107000e+04
   2.4086000e+04   1.1250000e+03
   1.6339000e+04   3.6682000e+04
   5.5970000e+04   1.5719000e+04
   5.7490000e+03   5.1410000e+03
   7.6720000e+03   4.7170000e+03
   5.8895000e+04   4.6830000e+03
   6.3665000e+04   2.9200000e+03
   5.0885000e+04   4.8193000e+04
   2.5691000e+04   5.2549000e+04
   3.5368000e+04   3.6231000e+04
   4.0328000e+04   5.4714000e+04
   3.8970000e+04   6.3544000e+04
   4.8980000e+03   1.2808000e+04
   4.9261000e+04   4.0130000e+04
   5.6413000e+04   6.4549000e+04
   2.3942000e+04   1.8120000e+03
   3.6104000e+04   4.9425000e+04
   4.8617000e+04   2.5943000e+04
   6.0542000e+04   8.2300000e+02
   2.5214000e+04   1.2180000e+03
   1.8707000e+04   1.9995000e+04
   6.1692000e+04   3.7995000e+04
   4.2902000e+04   3.8100000e+04
   1.9628000e+04   3.5482000e+04
   2.8352000e+04   1.0276000e+04
   2.9095000e+04   9.1490000e+03
   6.4956000e+04   5.2895000e+04
   3.2023000e+04   1.9993000e+04
   1.3430000e+03   5.5498000e+04
   4.4391000e+04   7.0450000e+03
   3.1812000e+04   3.7281000e+04
   1.4694000e+04   4.5890000e+03
   4.0170000e+03   8.1380000e+03
   1.3172000e+04   4.3859000e+04
   5.8310000e+03   4.6727000e+04
   5.0603000e+04   2.0928000e+04
   6.2446000e+04   5.6594000e+04
   4.4678000e+04   2.4777000e+04
   5.6606000e+04   1.2230000e+03
   1.0676000e+04   6.2035000e+04
   5.2254000e+04   4.8964000e+04
   6.0031000e+04   4.0630000e+04
   3.4971000e+04   6.2465000e+04
   2.9271000e+04   1.2851000e+04
   1.0594000e+04   3.2382000e+04
   6.4500000e+02   1.7362000e+04
   4.0655000e+04   5.2471000e+04
   5.8169000e+04   5.4329000e+04
   4.2742000e+04   4.6355000e+04
   5.2837000e+04   6.3919000e+04
   4.2456000e+04   6.3873000e+04
   5.2053000e+04   6.3572000e+04
   2.8007000e+04   1.6472000e+04
   2.5536000e+04   8.9430000e+03
   2.4425000e+04   7.9530000e+03
   5.7710000e+04   5.7234000e+04
   3.3572000e+04   2.5419000e+04
   6.5013000e+04   3.8389000e+04
   3.4920000e+03   2.4913000e+04
   1.9547000e+04   2.4765000e+04
   1.1409000e+04   1.6537000e+04
   4.5291000e+04   6.3720000e+03
   4.9467000e+04   5.7674000e+04
   5.6495000e+04   5.0031000e+04
   3.8212000e+04   4.8847000e+04
   3.2724000e+04   3.6768000e+04
   1.6882000e+04   3.9737000e+04
   3.6274000e+04   4.8748000e+04
   2.1146000e+04   3.6454000e+04
   2.4748000e+04   9.6450000e+03
   1.5132000e+04   1.8297000e+04
   1.5740000e+03   6.4790000e+04
   3.9931000e+04   1.3324000e+04
   6.5295000e+04   3.1874000e+04
   5.5773000e+04   5.3133000e+04
   9.1470000e+03   1.4793000e+04
   5.1373000e+04   3.4929000e+04
   3.1963000e+04   1.5269000e+04
   1.3990000e+04   3.9270000e+03
   4.0511000e+04   1.2230000e+03
   2.6887000e+04   3.7232000e+04
   2.5387000e+04   3.2360000e+04
   4.2091000e+04   6.3392000e+04
