   4.7524000e+04   3.1700000e+02
   4.4174000e+04   4.5890000e+03
   5.0438000e+04   3.6768000e+04
   2.6367000e+04   3.9737000e+04
   2.6871000e+04   3.8389000e+04
   1.9515000e+04   4.0630000e+04
   2.5430000e+03   5.2471000e+04
   1.9359000e+04   5.6594000e+04
   8.1520000e+03   1.5269000e+04
   2.3833000e+04   4.5020000e+04
   4.7910000e+04   8.2300000e+02
   4.1848000e+04   3.6107000e+04
   1.0731000e+04   4.0936000e+04
   6.2000000e+03   3.9270000e+03
   4.6425000e+04   5.9940000e+04
   3.9040000e+03   4.8964000e+04
   6.0546000e+04   2.5419000e+04
   2.0216000e+04   3.1874000e+04
   3.4200000e+04   8.4960000e+03
   6.3350000e+04   4.8847000e+04
   5.1730000e+04   5.1922000e+04
   4.7794000e+04   2.1022000e+04
   5.8199000e+04   1.6537000e+04
   5.5235000e+04   3.6454000e+04
   5.1285000e+04   1.7362000e+04
   3.8569000e+04   5.4329000e+04
   3.2339000e+04   1.4793000e+04
   2.8603000e+04   1.2180000e+03
   4.9747000e+04   3.6634000e+04
   4.8780000e+03   1.2808000e+04
   1.5082000e+04   1.2230000e+03
   2.4087000e+04   3.4778000e+04
   2.8008000e+04   2.0409000e+04
   3.4973000e+04   3.8100000e+04
   4.4072000e+04   8.9430000e+03
   6.4265000e+04   2.9200000e+03
   2.5652000e+04   8.1380000e+03
   5.0047000e+04   3.7232000e+04
   5.8388000e+04   7.0450000e+03
   3.4101000e+04   6.3544000e+04
   4.0281000e+04   9.2980000e+03
   8.9700000e+03   4.3859000e+04
   4.2691000e+04   5.7070000e+03
   3.0821000e+04   5.5498000e+04
   3.2568000e+04   3.2360000e+04
   3.9430000e+04   8.2370000e+03
   5.0362000e+04   4.8748000e+04
   3.7329000e+04   3.6682000e+04
   7.3410000e+03   5.2895000e+04
   6.3068000e+04   3.7995000e+04
   1.2681000e+04   4.9969000e+04
   9.8610000e+03   5.3302000e+04
   5.5210000e+03   7.9530000e+03
   4.6587000e+04   4.7170000e+03
   4.1581000e+04   2.4913000e+04
   2.4719000e+04   6.3572000e+04
   1.0819000e+04   1.2070000e+03
   2.1167000e+04   4.6727000e+04
   5.3692000e+04   6.4790000e+04
   2.5400000e+02   1.8297000e+04
   2.8527000e+04   1.0276000e+04
   1.5956000e+04   4.8468000e+04
   4.1034000e+04   1.3324000e+04
   5.7654000e+04   1.5719000e+04
   4.5297000e+04   6.3392000e+04
   5.4106000e+04   2.0799000e+04
   5.1951000e+04   3.7281000e+04
