   5.0540000e+04   1.1863000e+04
   1.0177000e+04   5.5498000e+04
   3.4047000e+04   6.4790000e+04
   5.1950000e+04   5.2917000e+04
   4.3271000e+04   3.2360000e+04
   2.6121000e+04   2.2558000e+04
   2.1685000e+04   4.8748000e+04
   3.4552000e+04   5.0656000e+04
   2.4268000e+04   6.3544000e+04
   3.2788000e+04   8.1380000e+03
   5.8910000e+04   3.2330000e+03
   6.2146000e+04   3.9270000e+03
   6.4014000e+04   3.1874000e+04
   5.0844000e+04   1.1304000e+04
   4.6827000e+04   1.5269000e+04
   5.1660000e+04   5.4890000e+03
   2.8479000e+04   3.6768000e+04
   6.9540000e+03   3.8389000e+04
   1.7350000e+04   1.5719000e+04
   4.0066000e+04   4.3859000e+04
   3.0074000e+04   1.4610000e+04
   4.0243000e+04   3.9737000e+04
   3.5162000e+04   3.6989000e+04
   2.2990000e+04   4.8847000e+04
   2.2278000e+04   2.3585000e+04
   5.4120000e+04   4.6727000e+04
   2.9611000e+04   1.2230000e+03
   5.6123000e+04   2.0799000e+04
   6.0110000e+03   1.2808000e+04
   4.1786000e+04   1.7362000e+04
   4.6140000e+04   4.8964000e+04
   4.8200000e+03   6.3572000e+04
   2.9351000e+04   4.9678000e+04
   2.8987000e+04   8.2300000e+02
   1.5870000e+04   4.8145000e+04
   4.1595000e+04   4.4634000e+04
   5.2445000e+04   4.2932000e+04
   5.7528000e+04   4.7170000e+03
   4.5186000e+04   2.4913000e+04
   4.1350000e+04   5.2471000e+04
   2.4510000e+04   2.5419000e+04
   2.7882000e+04   2.6690000e+03
   4.5055000e+04   7.0450000e+03
   3.1840000e+03   3.6107000e+04
   6.0241000e+04   5.6594000e+04
   1.6763000e+04   3.7381000e+04
   5.1741000e+04   5.5940000e+04
   2.2700000e+03   3.7281000e+04
   1.2850000e+04   4.8324000e+04
   3.4457000e+04   3.7232000e+04
   2.4616000e+04   1.6537000e+04
   4.6240000e+03   9.2460000e+03
   4.0863000e+04   3.6682000e+04
   1.7186000e+04   8.9430000e+03
   3.2306000e+04   1.8297000e+04
   8.1830000e+03   1.2180000e+03
   5.8719000e+04   3.4355000e+04
   3.6314000e+04   1.3480000e+03
   1.8555000e+04   5.2895000e+04
   5.0278000e+04   7.9530000e+03
   6.2487000e+04   4.5890000e+03
   1.8460000e+03   6.3392000e+04
   1.3029000e+04   1.3684000e+04
   6.2094000e+04   3.6454000e+04
   3.3656000e+04   1.0276000e+04
   5.5597000e+04   1.6684000e+04
   3.0149000e+04   3.8100000e+04
   7.3870000e+03   5.2685000e+04
   1.2590000e+04   1.4793000e+04
   4.2444000e+04   1.3324000e+04
   4.0780000e+03   2.9200000e+03
   3.0719000e+04   5.4329000e+04
   2.1098000e+04   3.7995000e+04
   3.0455000e+04   4.0630000e+04
