   3.4821000e+04   4.8847000e+04
   2.7105000e+04   6.4933000e+04
   2.2571000e+04   1.3324000e+04
   2.9160000e+03   1.2180000e+03
   3.1507000e+04   1.8475000e+04
   3.1806000e+04   4.8748000e+04
   1.4849000e+04   5.0067000e+04
   1.9153000e+04   8.2300000e+02
   4.3811000e+04   1.7840000e+03
   4.5667000e+04   4.6701000e+04
   3.7327000e+04   6.2346000e+04
   5.4487000e+04   3.5546000e+04
   3.5740000e+04   5.2895000e+04
   5.9387000e+04   3.2360000e+04
   6.4470000e+03   3.1747000e+04
   2.0377000e+04   1.8297000e+04
   5.2033000e+04   1.4976000e+04
   4.5583000e+04   5.8994000e+04
   4.1603000e+04   4.1666000e+04
   3.7087000e+04   1.6537000e+04
   2.6181000e+04   2.0799000e+04
   6.1216000e+04   6.2363000e+04
   6.2143000e+04   1.7362000e+04
   1.8527000e+04   4.0630000e+04
   5.7027000e+04   2.8826000e+04
   1.0161000e+04   3.7281000e+04
   4.8503000e+04   5.7062000e+04
   5.4174000e+04   8.9430000e+03
   5.1923000e+04   5.0005000e+04
   3.8449000e+04   1.0276000e+04
   5.0366000e+04   4.7170000e+03
   5.9560000e+04   3.6107000e+04
   3.7854000e+04   6.4790000e+04
   2.5727000e+04   1.2230000e+03
   3.5964000e+04   3.7232000e+04
   3.9274000e+04   1.9234000e+04
   2.9018000e+04   7.9530000e+03
   3.1201000e+04   1.0594000e+04
   5.2551000e+04   4.9728000e+04
   1.7645000e+04   4.1727000e+04
   5.0757000e+04   2.9200000e+03
   2.5516000e+04   3.1874000e+04
   2.3835000e+04   8.1380000e+03
   3.8120000e+03   6.3544000e+04
   1.1713000e+04   1.7553000e+04
   1.6010000e+03   4.8964000e+04
   4.4998000e+04   3.9737000e+04
   4.8394000e+04   3.6768000e+04
   9.8100000e+03   1.4290000e+03
   3.1979000e+04   5.6442000e+04
   6.3415000e+04   5.4329000e+04
   2.2732000e+04   6.4207000e+04
   5.2269000e+04   1.4793000e+04
   1.1989000e+04   3.6682000e+04
   3.3165000e+04   2.3822000e+04
   2.6251000e+04   3.9270000e+03
   6.2650000e+03   1.5269000e+04
   5.9845000e+04   2.8200000e+04
   4.6146000e+04   5.5498000e+04
   5.5781000e+04   4.4362000e+04
   1.4476000e+04   1.2988000e+04
   6.3809000e+04   3.8389000e+04
   3.7606000e+04   2.5419000e+04
   5.4389000e+04   2.4913000e+04
   1.4265000e+04   1.5719000e+04
   5.0671000e+04   7.0450000e+03
   1.7775000e+04   2.5251000e+04
   4.3214000e+04   5.2471000e+04
   2.0017000e+04   4.3859000e+04
   1.1253000e+04   6.3572000e+04
   6.5037000e+04   3.7995000e+04
   6.6570000e+03   4.2000000e+01
   5.4247000e+04   6.3392000e+04
   9.5830000e+03   5.9610000e+04
   5.8253000e+04   3.6454000e+04
   2.5589000e+04   4.6727000e+04
   4.7790000e+03   5.6594000e+04
   6.4959000e+04   3.8100000e+04
   4.0039000e+04   4.5890000e+03
   3.1909000e+04   1.2808000e+04
