   1.2561000e+04   4.7018000e+04
   3.6520000e+04   4.5890000e+03
   5.4476000e+04   3.6768000e+04
   1.2143000e+04   3.9737000e+04
   8.2800000e+03   3.8389000e+04
   2.9551000e+04   4.0630000e+04
   3.3658000e+04   5.2471000e+04
   6.2017000e+04   5.6594000e+04
   3.8106000e+04   1.5269000e+04
   5.3508000e+04   2.9438000e+04
   1.5322000e+04   8.2300000e+02
   2.0244000e+04   3.6107000e+04
   1.8948000e+04   1.5172000e+04
   2.0539000e+04   3.9270000e+03
   2.8084000e+04   1.0930000e+04
   4.7127000e+04   4.8964000e+04
   5.4081000e+04   2.5419000e+04
   1.7273000e+04   3.1874000e+04
   4.4020000e+03   4.2874000e+04
   1.6081000e+04   4.8847000e+04
   4.8595000e+04   3.2194000e+04
   5.2643000e+04   4.8698000e+04
   3.7641000e+04   1.6537000e+04
   3.2918000e+04   3.6454000e+04
   6.4900000e+04   1.7362000e+04
   4.5148000e+04   5.4329000e+04
   1.4534000e+04   1.4793000e+04
   2.0066000e+04   1.2180000e+03
   1.8852000e+04   5.7691000e+04
   2.0478000e+04   1.2808000e+04
   6.0456000e+04   1.2230000e+03
   5.5635000e+04   4.8251000e+04
   3.2999000e+04   3.2691000e+04
   3.9009000e+04   3.8100000e+04
   2.2468000e+04   8.9430000e+03
   3.9313000e+04   2.9200000e+03
   4.0832000e+04   8.1380000e+03
   5.4963000e+04   3.7232000e+04
   3.5309000e+04   7.0450000e+03
   4.1613000e+04   6.3544000e+04
   6.2991000e+04   4.1212000e+04
   6.3432000e+04   4.3859000e+04
   2.0835000e+04   1.9753000e+04
   2.2715000e+04   5.5498000e+04
   4.2480000e+04   3.2360000e+04
   2.2818000e+04   1.3058000e+04
   4.9900000e+03   4.8748000e+04
   1.6395000e+04   3.6682000e+04
   1.2058000e+04   5.2895000e+04
   2.5312000e+04   3.7995000e+04
   5.4834000e+04   1.9481000e+04
   3.4133000e+04   4.9369000e+04
   6.1127000e+04   7.9530000e+03
   2.2200000e+03   4.7170000e+03
   1.6746000e+04   2.4913000e+04
   3.6788000e+04   6.3572000e+04
   2.7220000e+04   6.4607000e+04
   2.8347000e+04   4.6727000e+04
   4.4622000e+04   6.4790000e+04
   4.8787000e+04   1.8297000e+04
   1.2740000e+03   1.0276000e+04
   1.2740000e+04   5.2634000e+04
   3.4851000e+04   1.3324000e+04
   5.4255000e+04   1.5719000e+04
   2.9016000e+04   6.3392000e+04
   1.0808000e+04   2.0799000e+04
   5.0137000e+04   3.7281000e+04
