   2.4447000e+04   3.7281000e+04
   3.5120000e+03   2.4913000e+04
   2.7044000e+04   5.1998000e+04
   6.3468000e+04   4.6727000e+04
   1.5530000e+04   5.5498000e+04
   4.4663000e+04   3.0150000e+04
   3.6754000e+04   8.2300000e+02
   2.2004000e+04   4.4292000e+04
   4.6661000e+04   7.9530000e+03
   3.9671000e+04   3.9834000e+04
   3.6011000e+04   5.9115000e+04
   1.7190000e+04   6.0536000e+04
   1.1731000e+04   1.6566000e+04
   3.8995000e+04   3.8389000e+04
   5.4203000e+04   4.8748000e+04
   2.8358000e+04   2.7880000e+03
   4.1319000e+04   2.1336000e+04
   6.0654000e+04   3.0511000e+04
   4.5291000e+04   6.3720000e+03
   3.9431000e+04   6.1900000e+02
   2.9731000e+04   3.6682000e+04
   3.9763000e+04   1.0276000e+04
   6.0165000e+04   5.9768000e+04
   1.3007000e+04   6.4790000e+04
   2.3893000e+04   1.2808000e+04
   5.8541000e+04   2.3829000e+04
   1.5699000e+04   5.4329000e+04
   3.1057000e+04   3.3897000e+04
   1.3178000e+04   1.5269000e+04
   3.8157000e+04   3.5848000e+04
   3.4340000e+03   6.3572000e+04
   1.1260000e+03   2.9200000e+03
   5.4374000e+04   3.9737000e+04
   5.2247000e+04   1.2180000e+03
   1.1892000e+04   4.5338000e+04
   5.1554000e+04   4.8847000e+04
   1.9454000e+04   1.4793000e+04
   6.8630000e+03   1.7362000e+04
   5.5596000e+04   4.6314000e+04
   2.3816000e+04   2.5419000e+04
   3.6535000e+04   1.2740000e+03
   3.4262000e+04   5.6965000e+04
   2.0914000e+04   3.4488000e+04
   6.5067000e+04   5.6594000e+04
   1.3374000e+04   3.2360000e+04
   4.7433000e+04   2.6300000e+03
   5.2934000e+04   2.3047000e+04
   6.2117000e+04   2.2246000e+04
   2.2270000e+04   4.3859000e+04
   2.4637000e+04   1.2230000e+03
   4.7927000e+04   4.0630000e+04
   4.2807000e+04   2.9819000e+04
   3.4390000e+04   4.4820000e+04
   5.9772000e+04   4.7560000e+04
   9.5320000e+03   3.8100000e+04
   3.7303000e+04   1.9600000e+03
   4.9292000e+04   3.6454000e+04
   8.2720000e+03   3.9270000e+03
   6.0907000e+04   5.0119000e+04
   2.6769000e+04   5.2895000e+04
   2.6980000e+03   1.8297000e+04
   4.7015000e+04   3.7995000e+04
   2.8502000e+04   2.6693000e+04
   4.6680000e+03   1.3324000e+04
   5.1452000e+04   1.5526000e+04
   2.9964000e+04   8.0830000e+03
   5.8922000e+04   3.0983000e+04
   1.9682000e+04   3.6107000e+04
   6.0426000e+04   6.3544000e+04
   3.0638000e+04   3.1874000e+04
   1.1800000e+04   1.6537000e+04
   2.9199000e+04   4.8964000e+04
   5.0649000e+04   2.6491000e+04
   6.1551000e+04   8.1380000e+03
   9.4380000e+03   2.0799000e+04
   3.8942000e+04   3.7232000e+04
   4.4173000e+04   4.5890000e+03
   3.0859000e+04   6.2860000e+03
   6.4834000e+04   7.0450000e+03
   5.2760000e+04   6.4769000e+04
   5.6064000e+04   5.2471000e+04
   3.5596000e+04   8.9430000e+03
   5.8261000e+04   3.6768000e+04
   3.2580000e+03   6.3392000e+04
   3.0440000e+03   1.5719000e+04
   5.5967000e+04   4.7170000e+03
