   2.1076000e+04   4.6490000e+04
   4.2785000e+04   3.1874000e+04
   3.4163000e+04   1.2230000e+03
   2.3583000e+04   3.7281000e+04
   3.4307000e+04   6.3544000e+04
   4.3133000e+04   5.4329000e+04
   5.3436000e+04   1.5269000e+04
   3.2656000e+04   4.8964000e+04
   3.8470000e+04   5.2895000e+04
   2.9139000e+04   2.1183000e+04
   3.6150000e+03   4.7170000e+03
   1.5506000e+04   4.8847000e+04
   4.8439000e+04   4.9536000e+04
   1.1475000e+04   7.9530000e+03
   4.5718000e+04   1.5367000e+04
   3.5976000e+04   3.6454000e+04
   6.0302000e+04   5.6594000e+04
   5.0849000e+04   3.9737000e+04
   2.9237000e+04   3.9603000e+04
   1.1367000e+04   4.3859000e+04
   1.1778000e+04   1.0126000e+04
   5.0776000e+04   6.0372000e+04
   5.8070000e+04   4.8748000e+04
   2.3590000e+03   8.9430000e+03
   5.9369000e+04   1.0276000e+04
   5.1960000e+03   4.6727000e+04
   4.7960000e+04   4.5890000e+03
   5.1738000e+04   5.0012000e+04
   5.1134000e+04   3.8100000e+04
   1.9447000e+04   5.2471000e+04
   5.7804000e+04   3.2602000e+04
   1.9873000e+04   3.6830000e+03
   4.5995000e+04   6.3572000e+04
   4.9209000e+04   3.9270000e+03
   4.0790000e+03   7.0450000e+03
   4.4478000e+04   1.8297000e+04
   3.2059000e+04   1.3324000e+04
   3.7881000e+04   1.4793000e+04
   2.5462000e+04   3.6768000e+04
   4.3575000e+04   5.0765000e+04
   2.1307000e+04   1.7362000e+04
   2.6276000e+04   9.7250000e+03
   4.3304000e+04   1.5719000e+04
   4.9720000e+03   4.0630000e+04
   5.8678000e+04   5.9400000e+03
   8.5900000e+03   1.2808000e+04
   5.4141000e+04   8.2300000e+02
   4.3042000e+04   2.5419000e+04
   1.2305000e+04   2.4913000e+04
   2.1790000e+04   1.4786000e+04
   3.2373000e+04   5.0651000e+04
   6.5276000e+04   2.9200000e+03
   1.7010000e+03   6.3392000e+04
   5.5680000e+04   3.6107000e+04
   5.8700000e+03   5.5498000e+04
   4.8618000e+04   3.1954000e+04
   1.5302000e+04   3.6682000e+04
   3.9846000e+04   3.7995000e+04
   1.9654000e+04   3.8389000e+04
   1.6430000e+04   1.2180000e+03
   2.4715000e+04   8.1380000e+03
   3.6615000e+04   1.6537000e+04
   1.2622000e+04   3.2360000e+04
   1.1280000e+03   3.7232000e+04
   2.6554000e+04   6.4790000e+04
   6.5183000e+04   2.0799000e+04
