   3.1316000e+04   2.9907000e+04
   3.5597000e+04   3.9737000e+04
   9.3770000e+03   5.2471000e+04
   1.2065000e+04   2.0799000e+04
   2.5717000e+04   3.6768000e+04
   2.6045000e+04   1.0276000e+04
   5.9506000e+04   5.2895000e+04
   2.0393000e+04   3.6454000e+04
   3.7433000e+04   2.5419000e+04
   6.0140000e+04   3.3961000e+04
   1.6128000e+04   6.3392000e+04
   3.1467000e+04   4.3859000e+04
   4.9589000e+04   4.3239000e+04
   2.1498000e+04   2.9200000e+03
   5.2951000e+04   5.7060000e+03
   4.9101000e+04   8.9430000e+03
   4.2245000e+04   4.8964000e+04
   5.4900000e+04   3.7281000e+04
   2.8164000e+04   3.6330000e+04
   4.7165000e+04   1.7362000e+04
   2.8015000e+04   9.9670000e+03
   4.2550000e+04   3.9586000e+04
   5.9654000e+04   1.2808000e+04
   4.2089000e+04   3.9270000e+03
   5.8998000e+04   1.2180000e+03
   5.3387000e+04   3.6682000e+04
   3.6885000e+04   3.1874000e+04
   4.9736000e+04   4.9746000e+04
   1.4396000e+04   6.3572000e+04
   1.6848000e+04   1.5269000e+04
   5.7867000e+04   4.8435000e+04
   1.9986000e+04   5.0485000e+04
   2.7612000e+04   5.5498000e+04
   1.9263000e+04   7.9530000e+03
   5.5064000e+04   1.4793000e+04
   4.1769000e+04   3.8389000e+04
   4.6470000e+03   1.6537000e+04
   4.0804000e+04   4.6727000e+04
   1.9623000e+04   1.2230000e+03
   4.6600000e+04   2.8007000e+04
   4.1637000e+04   1.1401000e+04
   1.0741000e+04   3.2360000e+04
   2.3769000e+04   5.4329000e+04
   3.9318000e+04   2.5489000e+04
   2.8691000e+04   3.8100000e+04
   3.1143000e+04   4.7170000e+03
   2.5186000e+04   5.6594000e+04
   3.6131000e+04   3.6107000e+04
   4.8390000e+04   2.5108000e+04
   4.7734000e+04   1.6368000e+04
   3.7068000e+04   7.0450000e+03
   3.3718000e+04   3.7232000e+04
   3.8110000e+03   4.8847000e+04
   8.1630000e+03   1.5719000e+04
   6.4728000e+04   8.1380000e+03
   3.8390000e+04   8.2300000e+02
   4.6886000e+04   2.4913000e+04
   5.6687000e+04   6.3544000e+04
   4.4757000e+04   4.5890000e+03
   5.6278000e+04   1.8297000e+04
   6.1801000e+04   4.8748000e+04
   6.1295000e+04   4.0630000e+04
   2.0700000e+02   1.3324000e+04
   4.2946000e+04   3.7995000e+04
   6.5084000e+04   6.4790000e+04
