   5.3119000e+04   6.4148000e+04
   3.0024000e+04   1.5719000e+04
   9.5420000e+03   3.7995000e+04
   4.4961000e+04   4.7202000e+04
   2.5718000e+04   4.0630000e+04
   2.9413000e+04   3.1737000e+04
   5.3488000e+04   1.2808000e+04
   5.4852000e+04   8.1380000e+03
   6.0381000e+04   3.6768000e+04
   2.8869000e+04   1.8297000e+04
   9.0120000e+03   5.7663000e+04
   1.8036000e+04   7.9530000e+03
   6.1537000e+04   3.9737000e+04
   1.9333000e+04   3.9590000e+03
   2.3363000e+04   5.2895000e+04
   4.2723000e+04   6.4405000e+04
   6.9000000e+03   1.2230000e+03
   3.6334000e+04   6.3544000e+04
   6.0380000e+03   3.2360000e+04
   6.2746000e+04   1.7362000e+04
   6.1103000e+04   1.0100000e+02
   5.7970000e+03   3.7281000e+04
   3.6500000e+04   5.5485000e+04
   6.5323000e+04   4.3859000e+04
   2.1033000e+04   1.0530000e+03
   4.2120000e+04   3.6682000e+04
   4.7144000e+04   5.2471000e+04
   5.3348000e+04   6.4790000e+04
   2.7636000e+04   3.8100000e+04
   5.0598000e+04   3.6454000e+04
   5.9167000e+04   5.5498000e+04
   4.2517000e+04   1.7012000e+04
   2.3905000e+04   4.7170000e+03
   3.4644000e+04   1.7330000e+04
   4.7857000e+04   5.0117000e+04
   5.0833000e+04   5.0136000e+04
   3.1871000e+04   6.3392000e+04
   4.3411000e+04   3.6107000e+04
   1.9635000e+04   1.5269000e+04
   5.7635000e+04   5.6594000e+04
   1.5093000e+04   4.9296000e+04
   4.1060000e+03   1.4793000e+04
   3.1870000e+03   4.8847000e+04
   1.5171000e+04   4.8964000e+04
   4.1779000e+04   1.2314000e+04
   5.8223000e+04   5.7100000e+04
   5.2214000e+04   2.0799000e+04
   3.7794000e+04   5.8607000e+04
   3.8965000e+04   1.3324000e+04
   1.2548000e+04   4.8748000e+04
   3.4342000e+04   2.9915000e+04
   6.6250000e+03   8.2300000e+02
   1.4335000e+04   3.9270000e+03
   1.5479000e+04   3.8389000e+04
   4.7359000e+04   4.5890000e+03
   2.6229000e+04   5.7491000e+04
   2.0165000e+04   4.3203000e+04
   3.3160000e+03   2.5419000e+04
   8.1890000e+03   2.9200000e+03
   1.4228000e+04   3.1874000e+04
   8.2560000e+03   3.7232000e+04
   4.8644000e+04   5.2436000e+04
   3.3202000e+04   8.9430000e+03
   1.7713000e+04   1.2180000e+03
   1.5883000e+04   3.0828000e+04
   5.8793000e+04   6.3572000e+04
   4.9746000e+04   1.4630000e+04
   4.1186000e+04   4.6727000e+04
   5.4751000e+04   1.6537000e+04
   5.4975000e+04   7.0450000e+03
   3.8494000e+04   1.0276000e+04
   8.7400000e+02   2.4913000e+04
   3.3787000e+04   5.4329000e+04
