   2.5953000e+04   8.3420000e+03
   4.4063000e+04   4.0630000e+04
   6.2895000e+04   3.6107000e+04
   2.5281000e+04   8.1380000e+03
   5.6274000e+04   1.0276000e+04
   5.4698000e+04   1.5369000e+04
   3.5085000e+04   6.3572000e+04
   3.4581000e+04   3.8389000e+04
   2.8558000e+04   5.2471000e+04
   5.8113000e+04   6.3544000e+04
   3.8437000e+04   5.7530000e+03
   1.1023000e+04   7.0450000e+03
   3.8088000e+04   2.0799000e+04
   5.8006000e+04   2.6138000e+04
   1.6699000e+04   5.6594000e+04
   5.7817000e+04   5.0887000e+04
   6.2186000e+04   1.5269000e+04
   1.6045000e+04   1.2230000e+03
   4.4060000e+03   5.4329000e+04
   2.8975000e+04   5.1700000e+02
   6.1377000e+04   6.4790000e+04
   5.6856000e+04   1.9690000e+04
   3.5219000e+04   3.0890000e+04
   3.9762000e+04   4.7170000e+03
   6.0954000e+04   5.2895000e+04
   1.0737000e+04   2.4913000e+04
   1.7369000e+04   5.5498000e+04
   2.3484000e+04   3.9270000e+03
   2.9662000e+04   3.2360000e+04
   4.5399000e+04   5.7387000e+04
   6.5130000e+04   3.7232000e+04
   6.5374000e+04   1.8297000e+04
   2.7156000e+04   1.8040000e+03
   2.7854000e+04   5.4400000e+02
   6.1747000e+04   1.3324000e+04
   6.0548000e+04   4.3859000e+04
   1.9242000e+04   2.5419000e+04
   3.8887000e+04   3.6454000e+04
   5.5543000e+04   1.5246000e+04
   3.7290000e+03   3.6682000e+04
   1.0438000e+04   1.7362000e+04
   4.5854000e+04   8.9430000e+03
   5.0534000e+04   3.5138000e+04
   5.0758000e+04   5.4263000e+04
   1.5503000e+04   3.7995000e+04
   4.4550000e+04   5.6620000e+03
   2.2589000e+04   4.8748000e+04
   2.4408000e+04   3.8100000e+04
   1.6882000e+04   3.7700000e+03
   1.0573000e+04   6.3392000e+04
   4.2392000e+04   2.9200000e+03
   4.9343000e+04   3.6768000e+04
   3.0871000e+04   3.9737000e+04
   5.0663000e+04   2.5604000e+04
   3.4277000e+04   9.3490000e+03
   3.1416000e+04   4.8964000e+04
   2.0772000e+04   1.4793000e+04
   2.0651000e+04   3.7281000e+04
   4.9500000e+03   1.6537000e+04
   4.3685000e+04   5.8922000e+04
   4.4997000e+04   7.9530000e+03
   4.8500000e+03   3.1874000e+04
   5.1493000e+04   4.2197000e+04
   2.0870000e+03   1.5719000e+04
   3.7589000e+04   6.5484000e+04
   5.0011000e+04   8.2300000e+02
   2.8743000e+04   1.2808000e+04
   8.6150000e+03   4.6727000e+04
   3.0130000e+04   4.5890000e+03
   3.8236000e+04   4.8847000e+04
   1.3630000e+03   1.2180000e+03
