   1.7989000e+04   4.8847000e+04
   1.7596000e+04   5.6817000e+04
   4.6065000e+04   1.3324000e+04
   5.6074000e+04   1.2180000e+03
   6.0060000e+04   6.4745000e+04
   5.6153000e+04   4.8748000e+04
   4.8855000e+04   4.3119000e+04
   1.0153000e+04   8.2300000e+02
   2.5835000e+04   3.1846000e+04
   3.0109000e+04   5.7418000e+04
   3.8169000e+04   5.3922000e+04
   3.9065000e+04   5.5289000e+04
   4.3025000e+04   5.2895000e+04
   5.8555000e+04   3.2360000e+04
   5.5523000e+04   5.2274000e+04
   5.2225000e+04   1.8297000e+04
   3.8283000e+04   1.7081000e+04
   3.3461000e+04   6.5131000e+04
   4.9549000e+04   6.3944000e+04
   2.5432000e+04   1.6537000e+04
   4.1630000e+04   2.0799000e+04
   8.8180000e+03   3.8426000e+04
   4.9609000e+04   1.7362000e+04
   1.1987000e+04   4.0630000e+04
   1.4849000e+04   5.0067000e+04
   9.7530000e+03   3.7281000e+04
   5.6686000e+04   2.3352000e+04
   2.7757000e+04   8.9430000e+03
   4.7737000e+04   4.9671000e+04
   1.7260000e+04   1.0276000e+04
   3.5811000e+04   4.7170000e+03
   9.6550000e+03   3.6107000e+04
   2.6570000e+03   6.4790000e+04
   5.6906000e+04   1.2230000e+03
   6.1730000e+03   3.7232000e+04
   1.0590000e+04   5.3568000e+04
   3.5937000e+04   7.9530000e+03
   4.1702000e+04   4.3823000e+04
   5.8687000e+04   5.3430000e+03
   2.9866000e+04   6.2060000e+03
   5.4346000e+04   2.9200000e+03
   2.6568000e+04   3.1874000e+04
   6.4921000e+04   8.1380000e+03
   3.4243000e+04   6.3544000e+04
   4.7627000e+04   5.1530000e+04
   6.0861000e+04   4.8964000e+04
   1.0013000e+04   3.9737000e+04
   4.8039000e+04   3.6768000e+04
   5.3946000e+04   3.5379000e+04
   1.9757000e+04   1.7970000e+03
   1.0070000e+04   5.4329000e+04
   4.7240000e+04   2.7670000e+03
   4.2303000e+04   1.4793000e+04
   4.3810000e+03   3.6682000e+04
   4.6341000e+04   1.4673000e+04
   1.2900000e+02   3.9270000e+03
   6.3261000e+04   1.5269000e+04
   2.8988000e+04   6.4105000e+04
   3.1511000e+04   5.5498000e+04
   2.0911000e+04   7.1540000e+03
   2.3187000e+04   4.1130000e+03
   5.8660000e+03   3.8389000e+04
   1.4740000e+03   2.5419000e+04
   1.8483000e+04   2.4913000e+04
   1.5758000e+04   1.5719000e+04
   4.9540000e+03   7.0450000e+03
   3.2261000e+04   3.6980000e+03
   6.2415000e+04   5.2471000e+04
   9.4870000e+03   4.3859000e+04
   4.4515000e+04   6.3572000e+04
   1.9212000e+04   3.7995000e+04
   2.7188000e+04   5.3854000e+04
   2.8696000e+04   6.3392000e+04
   2.5023000e+04   2.6063000e+04
   6.4159000e+04   3.6454000e+04
   6.1525000e+04   4.6727000e+04
   6.4856000e+04   5.6594000e+04
   3.7791000e+04   3.8100000e+04
   1.4326000e+04   4.5890000e+03
   1.1389000e+04   1.2808000e+04
