   3.8408000e+04   1.2818000e+04
   6.0675000e+04   3.7995000e+04
   3.7709000e+04   5.6594000e+04
   5.6562000e+04   3.6107000e+04
   3.2856000e+04   5.2895000e+04
   6.5439000e+04   3.9737000e+04
   4.1249000e+04   3.6454000e+04
   5.8931000e+04   2.9200000e+03
   1.4174000e+04   8.9430000e+03
   6.1186000e+04   1.8297000e+04
   2.0261000e+04   4.8748000e+04
   3.0884000e+04   6.3544000e+04
   4.7874000e+04   3.6682000e+04
   2.3003000e+04   3.0300000e+03
   6.4578000e+04   7.0450000e+03
   2.9810000e+03   7.9530000e+03
   4.5959000e+04   2.4913000e+04
   3.1317000e+04   6.0087000e+04
   2.6180000e+04   3.3518000e+04
   2.5221000e+04   6.3936000e+04
   3.5114000e+04   1.5719000e+04
   1.1612000e+04   1.4793000e+04
   2.8060000e+03   3.7281000e+04
   2.3686000e+04   3.7232000e+04
   5.6765000e+04   6.4790000e+04
   2.8025000e+04   3.9196000e+04
   4.7700000e+04   4.0630000e+04
   1.0335000e+04   4.8964000e+04
   9.7940000e+03   8.5530000e+03
   1.7739000e+04   5.0940000e+04
   1.0448000e+04   5.4329000e+04
   2.3868000e+04   4.6727000e+04
   2.9516000e+04   4.7170000e+03
   1.9139000e+04   5.2471000e+04
   4.7519000e+04   6.3572000e+04
   1.3247000e+04   6.3392000e+04
   3.1397000e+04   2.5419000e+04
   5.0882000e+04   3.8389000e+04
   2.1640000e+03   8.1380000e+03
   3.8943000e+04   1.2180000e+03
   4.3109000e+04   3.1874000e+04
   1.5923000e+04   4.9031000e+04
   2.6830000e+03   3.2360000e+04
   4.9800000e+02   1.6537000e+04
   3.9869000e+04   3.9270000e+03
   2.8138000e+04   7.6400000e+02
   1.1989000e+04   5.0774000e+04
   4.5260000e+04   8.2300000e+02
   2.7634000e+04   1.2808000e+04
   6.2647000e+04   1.0276000e+04
   4.0325000e+04   3.6768000e+04
   5.4180000e+03   1.3324000e+04
   5.6540000e+03   1.7362000e+04
   3.2526000e+04   1.5269000e+04
   5.3240000e+04   2.0799000e+04
   3.6553000e+04   1.2230000e+03
   1.8375000e+04   5.5498000e+04
   6.5147000e+04   4.5890000e+03
   4.5740000e+04   3.8100000e+04
   2.6511000e+04   4.3859000e+04
   7.5780000e+03   4.8847000e+04
