   1.0553000e+04   1.4663000e+04
   6.5216000e+04   3.7995000e+04
   5.3203000e+04   5.6594000e+04
   2.3198000e+04   3.6107000e+04
   4.9900000e+03   5.2895000e+04
   4.2297000e+04   3.9737000e+04
   6.2256000e+04   3.6454000e+04
   3.8826000e+04   2.9200000e+03
   2.8316000e+04   8.9430000e+03
   6.2679000e+04   1.8297000e+04
   4.0860000e+03   4.8748000e+04
   1.6653000e+04   6.3544000e+04
   5.3040000e+03   3.6682000e+04
   1.0087000e+04   4.3000000e+01
   2.9666000e+04   7.0450000e+03
   3.8741000e+04   7.9530000e+03
   1.2283000e+04   2.4913000e+04
   3.5347000e+04   3.3674000e+04
   4.1711000e+04   5.7761000e+04
   3.1490000e+04   3.2321000e+04
   3.7237000e+04   1.5719000e+04
   5.6509000e+04   1.4793000e+04
   1.9163000e+04   3.7281000e+04
   8.9970000e+03   3.7232000e+04
   2.3402000e+04   6.4790000e+04
   8.6970000e+03   5.6949000e+04
   1.5868000e+04   4.0630000e+04
   6.2605000e+04   4.8964000e+04
   3.3410000e+04   2.2970000e+03
   1.7768000e+04   2.5490000e+04
   4.1129000e+04   5.4329000e+04
   5.2870000e+04   4.6727000e+04
   5.6821000e+04   4.7170000e+03
   4.8749000e+04   5.2471000e+04
   2.7875000e+04   6.3572000e+04
   6.1439000e+04   6.3392000e+04
   5.6749000e+04   2.5419000e+04
   3.2588000e+04   3.8389000e+04
   2.2302000e+04   8.1380000e+03
   5.3566000e+04   1.2180000e+03
   5.8241000e+04   3.1874000e+04
   2.2998000e+04   5.6768000e+04
   4.9167000e+04   3.2360000e+04
   2.7529000e+04   1.6537000e+04
   5.1412000e+04   3.9270000e+03
   3.1061000e+04   6.0577000e+04
   1.4101000e+04   2.4167000e+04
   3.8134000e+04   8.2300000e+02
   4.3479000e+04   1.2808000e+04
   6.3053000e+04   1.0276000e+04
   6.1959000e+04   3.6768000e+04
   1.6287000e+04   1.3324000e+04
   9.3270000e+03   1.7362000e+04
   5.1586000e+04   1.5269000e+04
   1.0677000e+04   2.0799000e+04
   4.5288000e+04   1.2230000e+03
   1.4974000e+04   5.5498000e+04
   5.9462000e+04   4.5890000e+03
   3.0778000e+04   3.8100000e+04
   1.2486000e+04   4.3859000e+04
   4.0031000e+04   4.8847000e+04
