   4.0676000e+04   5.7222000e+04
   1.4922000e+04   4.0630000e+04
   3.0120000e+03   3.6107000e+04
   5.8770000e+03   8.1380000e+03
   5.8406000e+04   1.0276000e+04
   6.2116000e+04   5.5651000e+04
   2.1823000e+04   6.3572000e+04
   1.7209000e+04   3.8389000e+04
   5.7131000e+04   5.2471000e+04
   6.3914000e+04   6.3544000e+04
   1.6898000e+04   4.2861000e+04
   9.3050000e+03   7.0450000e+03
   2.6053000e+04   2.0799000e+04
   2.0147000e+04   1.2868000e+04
   4.0431000e+04   5.6594000e+04
   3.0907000e+04   1.1499000e+04
   3.5766000e+04   1.5269000e+04
   4.1023000e+04   1.2230000e+03
   3.6360000e+03   5.4329000e+04
   2.7965000e+04   2.6982000e+04
   2.4513000e+04   6.4790000e+04
   3.7164000e+04   4.3167000e+04
   5.9941000e+04   5.5799000e+04
   3.7295000e+04   4.7170000e+03
   5.0021000e+04   5.2895000e+04
   4.4885000e+04   2.4913000e+04
   4.3133000e+04   5.5498000e+04
   5.4343000e+04   3.9270000e+03
   2.1630000e+04   3.2360000e+04
   4.8642000e+04   1.9570000e+03
   2.6481000e+04   3.7232000e+04
   8.7140000e+03   1.8297000e+04
   5.7576000e+04   1.2765000e+04
   2.1090000e+04   9.1080000e+03
   4.4483000e+04   1.3324000e+04
   6.1777000e+04   4.3859000e+04
   6.4560000e+03   2.5419000e+04
   4.2941000e+04   3.6454000e+04
   4.2315000e+04   6.3342000e+04
   6.2335000e+04   3.6682000e+04
   2.6319000e+04   1.7362000e+04
   1.3437000e+04   8.9430000e+03
   5.3737000e+04   1.9803000e+04
   3.1331000e+04   3.6179000e+04
   4.2583000e+04   3.7995000e+04
   2.1985000e+04   7.8350000e+03
   2.1239000e+04   4.8748000e+04
   1.3665000e+04   3.8100000e+04
   3.3508000e+04   1.3211000e+04
   3.6974000e+04   6.3392000e+04
   3.5600000e+02   2.9200000e+03
   4.8198000e+04   3.6768000e+04
   1.5625000e+04   3.9737000e+04
   3.9164000e+04   5.9998000e+04
   3.3199000e+04   2.2092000e+04
   4.2640000e+03   4.8964000e+04
   1.3768000e+04   1.4793000e+04
   1.3278000e+04   3.7281000e+04
   3.6378000e+04   1.6537000e+04
   4.9956000e+04   2.7378000e+04
   3.2006000e+04   7.9530000e+03
   1.7271000e+04   3.1874000e+04
   4.5684000e+04   2.7096000e+04
   4.0789000e+04   1.5719000e+04
   5.1465000e+04   5.3215000e+04
   2.5169000e+04   8.2300000e+02
   1.6740000e+03   1.2808000e+04
   4.9140000e+04   4.6727000e+04
   5.3425000e+04   4.5890000e+03
   5.3820000e+04   4.8847000e+04
   4.9150000e+03   1.2180000e+03
