   2.0891000e+04   4.9661000e+04
   4.3900000e+04   6.3572000e+04
   2.7896000e+04   2.0799000e+04
   2.0339000e+04   6.4551000e+04
   6.2814000e+04   1.5719000e+04
   4.8980000e+03   1.3405000e+04
   3.6316000e+04   1.6537000e+04
   5.9059000e+04   1.8972000e+04
   3.2348000e+04   3.8389000e+04
   5.9266000e+04   6.7860000e+03
   3.9479000e+04   6.3594000e+04
   4.2188000e+04   8.9430000e+03
   1.0225000e+04   4.5890000e+03
   1.8047000e+04   1.2840000e+03
   4.9150000e+04   5.2471000e+04
   9.8550000e+03   5.9927000e+04
   7.5300000e+03   6.3544000e+04
   1.0959000e+04   1.8297000e+04
   5.2130000e+03   5.5498000e+04
   6.1470000e+04   4.8847000e+04
   2.9507000e+04   1.8676000e+04
   6.4243000e+04   3.1874000e+04
   4.7639000e+04   3.1242000e+04
   4.1987000e+04   3.6107000e+04
   5.3768000e+04   1.7152000e+04
   3.7230000e+04   1.4793000e+04
   3.5819000e+04   3.6768000e+04
   5.1307000e+04   3.7281000e+04
   4.2639000e+04   4.8748000e+04
   6.3691000e+04   4.3859000e+04
   4.0773000e+04   5.6594000e+04
   1.9728000e+04   3.8100000e+04
   2.1004000e+04   4.9378000e+04
   6.3966000e+04   3.6682000e+04
   5.8952000e+04   3.8998000e+04
   1.5804000e+04   2.1327000e+04
   2.7018000e+04   3.9554000e+04
   1.3200000e+04   8.2300000e+02
   4.3374000e+04   3.7995000e+04
   4.2960000e+03   1.2230000e+03
   2.8817000e+04   5.2895000e+04
   2.4290000e+04   2.2945000e+04
   1.7590000e+03   2.9200000e+03
   5.4991000e+04   2.4913000e+04
   4.8865000e+04   2.5419000e+04
   1.4098000e+04   1.8283000e+04
   2.7327000e+04   2.5035000e+04
   1.6401000e+04   3.9737000e+04
   5.0790000e+04   6.4406000e+04
   3.2053000e+04   6.3392000e+04
   1.1321000e+04   1.3324000e+04
   4.2425000e+04   2.6105000e+04
   2.2733000e+04   4.6727000e+04
   5.6740000e+04   3.6454000e+04
   2.7599000e+04   8.1380000e+03
   6.5499000e+04   1.0276000e+04
   3.0186000e+04   4.2482000e+04
   7.7270000e+03   3.5952000e+04
   1.0377000e+04   1.5269000e+04
   4.7365000e+04   3.9270000e+03
   4.3765000e+04   1.2180000e+03
   9.6600000e+03   4.7170000e+03
   3.7527000e+04   5.3537000e+04
   6.2399000e+04   4.8964000e+04
   4.1252000e+04   5.4329000e+04
   2.1271000e+04   1.7362000e+04
   3.6596000e+04   2.5062000e+04
   1.3829000e+04   1.2808000e+04
   3.2410000e+04   1.0681000e+04
   5.2168000e+04   7.0450000e+03
   3.4026000e+04   3.7232000e+04
   3.1632000e+04   7.9530000e+03
   4.7263000e+04   4.0630000e+04
   3.4332000e+04   6.4790000e+04
   3.9857000e+04   3.2360000e+04
