   5.4604000e+04   2.0579000e+04
   6.3602000e+04   3.2360000e+04
   4.3001000e+04   2.4913000e+04
   4.4538000e+04   4.6882000e+04
   5.8711000e+04   5.4329000e+04
   2.8189000e+04   2.9109000e+04
   4.5900000e+03   3.8100000e+04
   9.0900000e+03   1.8297000e+04
   6.2783000e+04   1.2230000e+03
   6.2090000e+04   3.8389000e+04
   1.7676000e+04   4.2235000e+04
   6.2790000e+03   2.9200000e+03
   5.9826000e+04   3.7281000e+04
   4.3418000e+04   2.7228000e+04
   1.4380000e+04   2.5419000e+04
   3.1575000e+04   5.8776000e+04
   5.3089000e+04   5.2471000e+04
   3.0905000e+04   3.6768000e+04
   6.1360000e+03   4.0630000e+04
   4.3705000e+04   4.6484000e+04
   1.2655000e+04   2.0799000e+04
   4.2601000e+04   1.2180000e+03
   4.9806000e+04   1.7362000e+04
   3.8727000e+04   6.4093000e+04
   4.1146000e+04   8.2300000e+02
   2.3718000e+04   1.5269000e+04
   3.4490000e+04   3.7995000e+04
   6.3385000e+04   6.3572000e+04
   5.8030000e+03   8.9430000e+03
   4.3103000e+04   1.5719000e+04
   2.6374000e+04   5.8185000e+04
   1.9246000e+04   6.3392000e+04
   3.5999000e+04   8.1380000e+03
   8.7670000e+03   1.3802000e+04
   3.5099000e+04   2.6429000e+04
   6.1995000e+04   3.7232000e+04
   1.7338000e+04   4.8847000e+04
   7.3970000e+03   5.2895000e+04
   5.2775000e+04   4.8964000e+04
   3.7608000e+04   5.7653000e+04
   1.8939000e+04   4.6727000e+04
   3.4864000e+04   4.3859000e+04
   5.1192000e+04   3.6454000e+04
   3.1366000e+04   3.1897000e+04
   1.6748000e+04   1.9798000e+04
   3.3334000e+04   6.4790000e+04
   5.5048000e+04   1.2924000e+04
   4.1865000e+04   1.6537000e+04
   1.3164000e+04   1.2808000e+04
   3.4283000e+04   4.1769000e+04
   9.1000000e+02   4.7170000e+03
   6.1674000e+04   7.9530000e+03
   4.8233000e+04   6.3544000e+04
   1.4998000e+04   3.1874000e+04
   2.0081000e+04   4.6139000e+04
   4.6840000e+04   2.6355000e+04
   8.2480000e+03   5.6594000e+04
   3.0788000e+04   7.0450000e+03
   2.5521000e+04   3.9737000e+04
   2.7985000e+04   1.3324000e+04
   1.6812000e+04   6.7620000e+03
   2.4984000e+04   3.9270000e+03
   1.2804000e+04   4.5890000e+03
   3.0123000e+04   4.4101000e+04
   2.8340000e+03   5.5498000e+04
   3.0439000e+04   4.2276000e+04
   3.6858000e+04   3.6682000e+04
   1.7404000e+04   4.8748000e+04
   5.4238000e+04   1.4793000e+04
   3.4132000e+04   1.2180000e+03
   5.3266000e+04   3.6107000e+04
   2.0812000e+04   1.0276000e+04
