   6.0734000e+04   1.6875000e+04
   5.1342000e+04   4.0630000e+04
   5.7991000e+04   3.6107000e+04
   4.3812000e+04   8.1380000e+03
   5.7608000e+04   1.0276000e+04
   4.6230000e+03   1.9147000e+04
   3.4745000e+04   6.3572000e+04
   4.2546000e+04   3.8389000e+04
   9.6590000e+03   5.2471000e+04
   7.9040000e+03   6.3544000e+04
   2.2279000e+04   5.8589000e+04
   3.0566000e+04   7.0450000e+03
   4.6302000e+04   2.0799000e+04
   2.8407000e+04   4.0029000e+04
   1.0234000e+04   5.6594000e+04
   3.7544000e+04   1.9154000e+04
   1.3615000e+04   1.5269000e+04
   7.2050000e+03   1.2230000e+03
   2.6196000e+04   5.4329000e+04
   3.4409000e+04   4.8350000e+03
   5.7163000e+04   6.4790000e+04
   5.4680000e+03   5.6657000e+04
   1.6038000e+04   6.0745000e+04
   4.6380000e+04   4.7170000e+03
   3.8185000e+04   5.2895000e+04
   6.3118000e+04   2.4913000e+04
   6.0790000e+04   5.5498000e+04
   4.1135000e+04   3.9270000e+03
   3.4905000e+04   3.2360000e+04
   9.7450000e+03   1.6858000e+04
   5.4780000e+04   3.7232000e+04
   6.4919000e+04   1.8297000e+04
   2.6057000e+04   9.4060000e+03
   2.7850000e+04   2.5823000e+04
   2.6676000e+04   1.3324000e+04
   2.7500000e+03   4.3859000e+04
   1.7252000e+04   2.5419000e+04
   1.7464000e+04   3.6454000e+04
   3.4217000e+04   1.4594000e+04
   8.8730000e+03   3.6682000e+04
   4.6699000e+04   1.7362000e+04
   9.1230000e+03   8.9430000e+03
   2.1030000e+04   4.8113000e+04
   4.4743000e+04   2.3228000e+04
   6.4593000e+04   3.7995000e+04
   6.0973000e+04   2.9180000e+04
   3.2101000e+04   4.8748000e+04
   4.3620000e+03   3.8100000e+04
   5.5708000e+04   4.7132000e+04
   4.8582000e+04   6.3392000e+04
   5.0472000e+04   2.9200000e+03
   6.4281000e+04   3.6768000e+04
   2.0446000e+04   3.9737000e+04
   2.4231000e+04   6.1900000e+04
   5.5042000e+04   5.4864000e+04
   6.0391000e+04   4.8964000e+04
   9.0570000e+03   1.4793000e+04
   6.1919000e+04   3.7281000e+04
   6.0567000e+04   1.6537000e+04
   8.4110000e+03   2.8421000e+04
   5.0203000e+04   7.9530000e+03
   5.1883000e+04   3.1874000e+04
   1.6846000e+04   3.4396000e+04
   3.5005000e+04   1.5719000e+04
   1.9802000e+04   3.1594000e+04
   6.4810000e+04   8.2300000e+02
   2.1386000e+04   1.2808000e+04
   5.6299000e+04   4.6727000e+04
   4.0344000e+04   4.5890000e+03
   1.7125000e+04   4.8847000e+04
   2.4575000e+04   1.2180000e+03
