   2.8986000e+04   5.6554000e+04
   3.2125000e+04   1.0276000e+04
   2.3741000e+04   4.3859000e+04
   5.4296000e+04   3.8389000e+04
   5.3918000e+04   4.5890000e+03
   2.0456000e+04   8.1380000e+03
   6.1277000e+04   1.5719000e+04
   3.4305000e+04   3.6768000e+04
   4.6241000e+04   5.2895000e+04
   6.3340000e+03   1.2230000e+03
   1.8876000e+04   1.4406000e+04
   5.3726000e+04   4.6727000e+04
   3.0938000e+04   3.7995000e+04
   1.7921000e+04   4.9316000e+04
   2.1560000e+03   3.6454000e+04
   5.3581000e+04   3.4524000e+04
   2.3827000e+04   2.5419000e+04
   5.9917000e+04   1.5269000e+04
   6.1816000e+04   1.2180000e+03
   5.0692000e+04   1.2015000e+04
   2.4154000e+04   2.4913000e+04
   2.8041000e+04   1.8540000e+04
   4.3621000e+04   4.6330000e+03
   5.3989000e+04   3.7232000e+04
   4.8180000e+04   5.6594000e+04
   1.7990000e+03   4.8847000e+04
   3.2580000e+04   3.2360000e+04
   5.9108000e+04   2.9200000e+03
   4.9384000e+04   5.4329000e+04
   8.7700000e+03   3.3014000e+04
   6.5255000e+04   1.6537000e+04
   2.0077000e+04   6.3544000e+04
   5.4819000e+04   1.1394000e+04
   4.0235000e+04   2.3345000e+04
   1.9292000e+04   4.8748000e+04
   5.8446000e+04   4.8964000e+04
   5.3151000e+04   3.9270000e+03
   2.7285000e+04   1.0807000e+04
   3.3853000e+04   4.7170000e+03
   7.0860000e+03   7.9530000e+03
   4.0392000e+04   1.8297000e+04
   1.3774000e+04   3.8341000e+04
   6.5167000e+04   3.6107000e+04
   8.4600000e+03   2.3510000e+03
   4.8071000e+04   3.8100000e+04
   8.5430000e+03   5.5498000e+04
   4.1335000e+04   4.9400000e+04
   6.0021000e+04   1.3324000e+04
   2.7591000e+04   1.4793000e+04
   1.3909000e+04   5.2471000e+04
   2.3578000e+04   2.0799000e+04
   4.6424000e+04   2.5956000e+04
   4.3764000e+04   4.7661000e+04
   4.7739000e+04   8.9430000e+03
   1.9608000e+04   3.6682000e+04
   6.3975000e+04   6.4790000e+04
   4.1884000e+04   1.2808000e+04
   2.7138000e+04   6.3233000e+04
   9.5800000e+02   7.0450000e+03
   6.0343000e+04   3.7281000e+04
   3.6629000e+04   4.0101000e+04
   4.0075000e+04   4.0630000e+04
   3.0293000e+04   6.1465000e+04
   1.7502000e+04   6.3392000e+04
   6.2683000e+04   6.3572000e+04
   4.5341000e+04   8.2300000e+02
   7.1960000e+03   3.9737000e+04
   4.6050000e+03   1.7362000e+04
   3.5823000e+04   3.1874000e+04
