   3.3247000e+04   4.0309000e+04
   1.7237000e+04   3.9737000e+04
   4.1259000e+04   5.2471000e+04
   5.8225000e+04   2.0799000e+04
   5.0113000e+04   3.6768000e+04
   2.2701000e+04   1.0276000e+04
   3.0594000e+04   5.2895000e+04
   4.4591000e+04   3.6454000e+04
   4.1370000e+03   2.5419000e+04
   5.6069000e+04   1.0436000e+04
   3.2917000e+04   6.3392000e+04
   3.8633000e+04   4.3859000e+04
   5.0773000e+04   6.0541000e+04
   1.4092000e+04   2.9200000e+03
   5.1733000e+04   8.0160000e+03
   3.4370000e+04   8.9430000e+03
   3.3859000e+04   4.8964000e+04
   8.1900000e+02   3.7281000e+04
   2.5948000e+04   4.0670000e+03
   3.8083000e+04   1.7362000e+04
   3.1035000e+04   3.2583000e+04
   4.7529000e+04   1.6021000e+04
   6.3007000e+04   1.2808000e+04
   6.4619000e+04   3.9270000e+03
   5.1582000e+04   1.2180000e+03
   5.6699000e+04   3.6682000e+04
   9.6260000e+03   3.1874000e+04
   6.1801000e+04   8.6400000e+03
   1.3500000e+03   6.3572000e+04
   4.9389000e+04   1.5269000e+04
   3.7276000e+04   5.5770000e+04
   3.0340000e+04   1.5300000e+02
   8.2870000e+03   5.5498000e+04
   1.3981000e+04   7.9530000e+03
   4.0564000e+04   1.4793000e+04
   2.2500000e+04   3.8389000e+04
   4.3784000e+04   1.6537000e+04
   1.8135000e+04   4.6727000e+04
   1.7936000e+04   1.2230000e+03
   4.7749000e+04   4.0886000e+04
   3.1493000e+04   4.5143000e+04
   3.9890000e+03   3.2360000e+04
   2.4072000e+04   5.4329000e+04
   4.9465000e+04   2.5544000e+04
   2.7901000e+04   3.8100000e+04
   3.7720000e+03   4.7170000e+03
   3.7850000e+04   5.6594000e+04
   2.8051000e+04   3.6107000e+04
   6.1077000e+04   5.0967000e+04
   2.3204000e+04   5.5252000e+04
   5.4087000e+04   7.0450000e+03
   3.3787000e+04   3.7232000e+04
   4.2001000e+04   4.8847000e+04
   4.4213000e+04   1.5719000e+04
   2.1605000e+04   8.1380000e+03
   1.4541000e+04   8.2300000e+02
   6.1693000e+04   2.4913000e+04
   5.3367000e+04   6.3544000e+04
   5.4956000e+04   4.5890000e+03
   3.6644000e+04   1.8297000e+04
   1.5675000e+04   4.8748000e+04
   2.6573000e+04   4.0630000e+04
   2.5390000e+04   1.3324000e+04
   2.5560000e+03   3.7995000e+04
   1.9219000e+04   6.4790000e+04
