   5.6340000e+03   6.0041000e+04
   4.1482000e+04   3.1874000e+04
   2.1003000e+04   1.2230000e+03
   9.4500000e+02   3.7281000e+04
   6.2820000e+04   6.3544000e+04
   2.6762000e+04   5.4329000e+04
   6.2680000e+04   1.5269000e+04
   4.5206000e+04   4.8964000e+04
   1.0586000e+04   5.2895000e+04
   5.2691000e+04   2.8740000e+03
   3.6410000e+04   4.7170000e+03
   1.5149000e+04   4.8847000e+04
   4.2723000e+04   6.4405000e+04
   1.1350000e+03   7.9530000e+03
   5.2866000e+04   2.4920000e+04
   4.5989000e+04   3.6454000e+04
   3.5733000e+04   5.6594000e+04
   5.6180000e+04   3.9737000e+04
   6.0000000e+04   4.1920000e+04
   3.9282000e+04   4.3859000e+04
   3.9192000e+04   1.4461000e+04
   5.7825000e+04   2.7026000e+04
   5.0340000e+03   4.8748000e+04
   5.9030000e+03   8.9430000e+03
   5.1257000e+04   1.0276000e+04
   6.5305000e+04   4.6727000e+04
   2.0410000e+03   4.5890000e+03
   5.6738000e+04   1.1048000e+04
   5.1640000e+03   3.8100000e+04
   4.1570000e+04   5.2471000e+04
   1.4981000e+04   1.9908000e+04
   5.2595000e+04   1.5313000e+04
   5.7526000e+04   6.3572000e+04
   1.9140000e+04   3.9270000e+03
   4.7479000e+04   7.0450000e+03
   2.1355000e+04   1.8297000e+04
   5.5327000e+04   1.3324000e+04
   6.0117000e+04   1.4793000e+04
   3.2375000e+04   3.6768000e+04
   4.9683000e+04   5.1709000e+04
   2.7025000e+04   1.7362000e+04
   1.4783000e+04   6.5493000e+04
   5.4061000e+04   1.5719000e+04
   2.8183000e+04   4.0630000e+04
   5.5690000e+03   4.9443000e+04
   7.8430000e+03   1.2808000e+04
   1.8776000e+04   8.2300000e+02
   2.9146000e+04   2.5419000e+04
   5.5846000e+04   2.4913000e+04
   4.7699000e+04   5.7566000e+04
   9.7630000e+03   2.2292000e+04
   4.9419000e+04   2.9200000e+03
   1.2515000e+04   6.3392000e+04
   5.6319000e+04   3.6107000e+04
   3.9079000e+04   5.5498000e+04
   4.5731000e+04   7.8300000e+03
   1.8553000e+04   3.6682000e+04
   4.5493000e+04   3.7995000e+04
   6.4052000e+04   3.8389000e+04
   3.4218000e+04   1.2180000e+03
   2.9645000e+04   8.1380000e+03
   2.1108000e+04   1.6537000e+04
   1.1210000e+04   3.2360000e+04
   4.0943000e+04   3.7232000e+04
   2.7416000e+04   6.4790000e+04
   2.3775000e+04   2.0799000e+04
