   2.2978000e+04   3.2003000e+04
   3.6745000e+04   3.9737000e+04
   1.7062000e+04   5.2471000e+04
   3.2140000e+03   2.0799000e+04
   2.3062000e+04   3.6768000e+04
   6.3523000e+04   1.0276000e+04
   5.0054000e+04   5.2895000e+04
   7.8760000e+03   3.6454000e+04
   5.6195000e+04   2.5419000e+04
   5.2567000e+04   8.1210000e+03
   7.4290000e+03   6.3392000e+04
   4.0631000e+04   4.3859000e+04
   5.1722000e+04   6.3048000e+04
   3.0661000e+04   2.9200000e+03
   2.3887000e+04   6.2884000e+04
   2.9987000e+04   8.9430000e+03
   1.0879000e+04   4.8964000e+04
   1.8333000e+04   3.7281000e+04
   3.6501000e+04   1.5288000e+04
   4.9874000e+04   1.7362000e+04
   3.2341000e+04   1.1984000e+04
   5.4904000e+04   1.0063000e+04
   5.2244000e+04   1.2808000e+04
   3.5843000e+04   3.9270000e+03
   6.1311000e+04   1.2180000e+03
   1.9013000e+04   3.6682000e+04
   6.4779000e+04   3.1874000e+04
   4.3622000e+04   5.0688000e+04
   4.4802000e+04   6.3572000e+04
   2.0871000e+04   1.5269000e+04
   4.8711000e+04   1.0261000e+04
   3.7130000e+04   1.7869000e+04
   2.0741000e+04   5.5498000e+04
   1.3731000e+04   7.9530000e+03
   1.1510000e+04   1.4793000e+04
   3.8646000e+04   3.8389000e+04
   5.6521000e+04   1.6537000e+04
   8.0270000e+03   4.6727000e+04
   2.8426000e+04   1.2230000e+03
   4.7479000e+04   6.3529000e+04
   6.1782000e+04   4.8539000e+04
   6.1124000e+04   3.2360000e+04
   4.2345000e+04   5.4329000e+04
   6.1932000e+04   1.7347000e+04
   4.3078000e+04   3.8100000e+04
   2.3473000e+04   4.7170000e+03
   1.5477000e+04   5.6594000e+04
   3.0572000e+04   3.6107000e+04
   1.4883000e+04   4.3475000e+04
   3.2244000e+04   1.0008000e+04
   5.4716000e+04   7.0450000e+03
   5.7349000e+04   3.7232000e+04
   3.0590000e+03   4.8847000e+04
   4.6300000e+04   1.5719000e+04
   4.8969000e+04   8.1380000e+03
   2.0267000e+04   8.2300000e+02
   3.7231000e+04   2.4913000e+04
   5.6460000e+03   6.3544000e+04
   1.6141000e+04   4.5890000e+03
   4.1470000e+03   1.8297000e+04
   2.2685000e+04   4.8748000e+04
   5.5413000e+04   4.0630000e+04
   6.0977000e+04   1.3324000e+04
   5.1405000e+04   3.7995000e+04
   3.3181000e+04   6.4790000e+04
