   4.4573000e+04   6.4636000e+04
   4.8503000e+04   3.2360000e+04
   1.6549000e+04   2.4913000e+04
   1.0119000e+04   9.0000000e+02
   5.8226000e+04   5.4329000e+04
   8.6660000e+03   9.2080000e+03
   3.1698000e+04   3.8100000e+04
   2.5881000e+04   1.8297000e+04
   4.6350000e+04   1.2230000e+03
   4.1906000e+04   3.8389000e+04
   3.4204000e+04   5.5541000e+04
   3.2521000e+04   2.9200000e+03
   6.4749000e+04   3.7281000e+04
   2.3002000e+04   4.1055000e+04
   2.9713000e+04   2.5419000e+04
   4.0284000e+04   5.2220000e+04
   5.5109000e+04   5.2471000e+04
   4.6939000e+04   3.6768000e+04
   5.2263000e+04   4.0630000e+04
   4.2684000e+04   3.8870000e+03
   4.4453000e+04   2.0799000e+04
   4.8749000e+04   3.6020000e+04
   6.3543000e+04   1.7362000e+04
   1.5706000e+04   3.2800000e+04
   6.5211000e+04   8.2300000e+02
   3.7149000e+04   1.5269000e+04
   6.0582000e+04   3.7995000e+04
   6.4859000e+04   6.3572000e+04
   9.3220000e+03   8.9430000e+03
   1.5910000e+03   1.5719000e+04
   3.3624000e+04   4.9247000e+04
   2.6252000e+04   6.3392000e+04
   6.0338000e+04   8.1380000e+03
   1.7176000e+04   1.3300000e+02
   1.2826000e+04   2.0333000e+04
   3.5510000e+04   3.7232000e+04
   2.1289000e+04   4.8847000e+04
   2.3941000e+04   5.2895000e+04
   4.5798000e+04   4.8964000e+04
   5.9007000e+04   1.1219000e+04
   4.7200000e+04   4.6727000e+04
   3.9967000e+04   4.3859000e+04
   6.4010000e+03   3.6454000e+04
   7.9270000e+03   6.3327000e+04
   6.0878000e+04   3.1890000e+04
   3.2093000e+04   6.4790000e+04
   1.7271000e+04   1.4362000e+04
   5.4016000e+04   1.6537000e+04
   4.8678000e+04   1.2808000e+04
   2.2249000e+04   3.5886000e+04
   5.3135000e+04   4.7170000e+03
   5.4844000e+04   7.9530000e+03
   1.1280000e+03   6.3544000e+04
   2.8152000e+04   3.1874000e+04
   6.1982000e+04   3.1610000e+03
   2.8486000e+04   1.9084000e+04
   3.1844000e+04   5.6594000e+04
   1.6002000e+04   7.0450000e+03
   2.6375000e+04   3.9737000e+04
   4.0415000e+04   1.3324000e+04
   2.0026000e+04   3.7923000e+04
   3.5026000e+04   3.9270000e+03
   3.9031000e+04   4.5890000e+03
   9.9100000e+03   5.6002000e+04
   6.5107000e+04   5.5498000e+04
   5.7100000e+03   3.6246000e+04
   5.6541000e+04   3.6682000e+04
   2.5670000e+04   4.8748000e+04
   2.6870000e+03   1.4793000e+04
   4.9136000e+04   1.2180000e+03
   6.5308000e+04   3.6107000e+04
   1.0622000e+04   1.0276000e+04
