   4.9734000e+04   4.5038000e+04
   1.6710000e+04   6.3572000e+04
   6.2566000e+04   2.0799000e+04
   5.4697000e+04   5.9098000e+04
   4.5853000e+04   1.5719000e+04
   5.5059000e+04   6.4802000e+04
   3.3813000e+04   1.6537000e+04
   3.6297000e+04   3.2476000e+04
   1.2364000e+04   3.8389000e+04
   2.3033000e+04   1.0711000e+04
   3.2121000e+04   2.3411000e+04
   4.3093000e+04   8.9430000e+03
   4.0718000e+04   4.5890000e+03
   2.4155000e+04   5.9568000e+04
   1.3106000e+04   5.2471000e+04
   6.0715000e+04   5.0002000e+04
   3.2250000e+03   6.3544000e+04
   4.9218000e+04   1.8297000e+04
   4.8815000e+04   5.5498000e+04
   5.6017000e+04   4.8847000e+04
   2.2261000e+04   2.8788000e+04
   4.8262000e+04   3.1874000e+04
   5.9941000e+04   5.5799000e+04
   3.0919000e+04   3.6107000e+04
   6.0146000e+04   3.4117000e+04
   3.3580000e+03   1.4793000e+04
   3.6063000e+04   3.6768000e+04
   6.9830000e+03   3.7281000e+04
   1.7100000e+04   4.8748000e+04
   2.6970000e+04   4.3859000e+04
   3.2294000e+04   5.6594000e+04
   2.4813000e+04   3.8100000e+04
   1.2979000e+04   1.9519000e+04
   5.1516000e+04   3.6682000e+04
   5.9826000e+04   6.1779000e+04
   6.1059000e+04   6.4125000e+04
   1.1739000e+04   3.4689000e+04
   1.5282000e+04   8.2300000e+02
   3.9963000e+04   3.7995000e+04
   6.4902000e+04   1.2230000e+03
   1.9436000e+04   5.2895000e+04
   2.3203000e+04   1.2625000e+04
   4.0826000e+04   2.9200000e+03
   5.0117000e+04   2.4913000e+04
   3.7873000e+04   2.5419000e+04
   4.9562000e+04   3.9057000e+04
   6.6200000e+03   3.9371000e+04
   4.5391000e+04   3.9737000e+04
   4.2250000e+04   1.8370000e+04
   6.5100000e+02   6.3392000e+04
   7.9900000e+02   1.3324000e+04
   3.5432000e+04   2.6597000e+04
   2.5705000e+04   4.6727000e+04
   6.4979000e+04   3.6454000e+04
   5.3783000e+04   8.1380000e+03
   4.0309000e+04   1.0276000e+04
   4.4520000e+04   4.2726000e+04
   4.8030000e+03   2.0590000e+04
   1.7250000e+04   1.5269000e+04
   6.4726000e+04   3.9270000e+03
   3.6140000e+03   1.2180000e+03
   3.1533000e+04   4.7170000e+03
   8.8490000e+03   5.8232000e+04
   2.0683000e+04   4.8964000e+04
   1.9594000e+04   5.4329000e+04
   5.0780000e+03   1.7362000e+04
   8.9640000e+03   3.6370000e+04
   4.8655000e+04   1.2808000e+04
   3.0360000e+04   3.0862000e+04
   3.9552000e+04   7.0450000e+03
   9.4000000e+02   3.7232000e+04
   5.8202000e+04   7.9530000e+03
   1.5615000e+04   4.0630000e+04
   3.8207000e+04   6.4790000e+04
   6.3470000e+03   3.2360000e+04
