   4.4367000e+04   2.4913000e+04
   1.3987000e+04   1.7362000e+04
   6.7390000e+03   1.2715000e+04
   1.2113000e+04   6.3392000e+04
   4.2070000e+03   5.4329000e+04
   5.8600000e+04   1.3090000e+04
   5.7199000e+04   1.3324000e+04
   4.0789000e+04   5.1798000e+04
   5.8787000e+04   4.6727000e+04
   1.7775000e+04   2.5251000e+04
   3.7429000e+04   5.3212000e+04
   3.6581000e+04   3.0597000e+04
   2.6778000e+04   2.4700000e+02
   4.6264000e+04   5.2471000e+04
   6.1480000e+04   5.5498000e+04
   1.5564000e+04   5.9547000e+04
   6.0067000e+04   4.2888000e+04
   5.7654000e+04   4.9965000e+04
   5.1908000e+04   1.2153000e+04
   5.0995000e+04   4.7683000e+04
   2.4113000e+04   3.7232000e+04
   3.2888000e+04   3.9737000e+04
   6.2019000e+04   2.7642000e+04
   1.3325000e+04   4.8847000e+04
   2.3895000e+04   1.5719000e+04
   5.3638000e+04   3.8145000e+04
   6.4461000e+04   3.1874000e+04
   5.6082000e+04   5.0387000e+04
   4.5896000e+04   4.8964000e+04
   4.7701000e+04   1.1211000e+04
   5.6904000e+04   4.0630000e+04
   3.4297000e+04   3.6682000e+04
   4.2711000e+04   3.7995000e+04
   5.9890000e+04   3.7281000e+04
   3.5084000e+04   6.3544000e+04
   2.9101000e+04   4.7170000e+03
   3.3381000e+04   6.8970000e+03
   5.1136000e+04   8.9430000e+03
   2.6892000e+04   6.0693000e+04
   5.3464000e+04   3.4375000e+04
   1.2737000e+04   1.7245000e+04
   4.4281000e+04   3.9270000e+03
   3.7860000e+03   1.2180000e+03
   4.0361000e+04   3.8300000e+03
   1.5462000e+04   1.8297000e+04
   1.6947000e+04   1.5280000e+04
   2.2564000e+04   2.5419000e+04
   2.6608000e+04   4.5890000e+03
   1.0000000e+04   3.8389000e+04
   3.6041000e+04   2.2798000e+04
   2.0668000e+04   4.4109000e+04
   4.8004000e+04   3.2360000e+04
   5.5812000e+04   2.2406000e+04
   6.5164000e+04   2.9200000e+03
   4.1983000e+04   1.4793000e+04
   1.9141000e+04   5.2125000e+04
   2.1931000e+04   3.6454000e+04
   4.8801000e+04   1.2230000e+03
   1.3850000e+04   4.3859000e+04
   5.0440000e+04   8.0940000e+03
   5.1796000e+04   3.8100000e+04
   6.0789000e+04   3.8529000e+04
   4.5542000e+04   3.8534000e+04
   8.3750000e+03   8.1380000e+03
   3.3810000e+03   1.5269000e+04
   3.0466000e+04   6.4790000e+04
   7.0490000e+03   6.3572000e+04
   1.9936000e+04   7.9530000e+03
   9.4860000e+03   5.8121000e+04
   3.3197000e+04   3.6768000e+04
   2.5665000e+04   3.6107000e+04
   1.1177000e+04   1.2808000e+04
   4.6135000e+04   2.0799000e+04
   2.6308000e+04   3.4654000e+04
   5.1265000e+04   8.2300000e+02
   6.5940000e+03   1.9600000e+03
   6.2459000e+04   5.6594000e+04
   2.2382000e+04   7.0450000e+03
   3.2712000e+04   5.2895000e+04
   1.6230000e+03   4.8748000e+04
   1.4329000e+04   1.0276000e+04
   9.6100000e+03   1.6537000e+04
