   4.1595000e+04   4.4634000e+04
   3.0457000e+04   3.1874000e+04
   1.1984000e+04   1.2230000e+03
   3.3816000e+04   3.7281000e+04
   6.1151000e+04   6.3544000e+04
   4.8440000e+04   5.4329000e+04
   1.5440000e+04   1.5269000e+04
   4.8240000e+04   4.8964000e+04
   2.9523000e+04   5.2895000e+04
   2.3203000e+04   1.2625000e+04
   6.1608000e+04   4.7170000e+03
   1.8290000e+04   4.8847000e+04
   5.0906000e+04   3.3597000e+04
   5.0622000e+04   7.9530000e+03
   7.5980000e+03   1.8614000e+04
   5.6137000e+04   3.6454000e+04
   5.6600000e+02   5.6594000e+04
   1.1802000e+04   3.9737000e+04
   1.9965000e+04   9.9230000e+03
   3.0920000e+03   4.3859000e+04
   5.7743000e+04   4.5389000e+04
   4.0396000e+04   2.7756000e+04
   6.0863000e+04   4.8748000e+04
   5.8926000e+04   8.9430000e+03
   4.5874000e+04   1.0276000e+04
   5.8311000e+04   4.6727000e+04
   1.2066000e+04   4.5890000e+03
   3.6188000e+04   5.4295000e+04
   2.1481000e+04   3.8100000e+04
   4.5009000e+04   5.2471000e+04
   3.4252000e+04   4.5353000e+04
   5.2797000e+04   7.0690000e+03
   2.7230000e+04   6.3572000e+04
   4.9045000e+04   3.9270000e+03
   4.1492000e+04   7.0450000e+03
   6.5114000e+04   1.8297000e+04
   2.1599000e+04   1.3324000e+04
   6.5487000e+04   1.4793000e+04
   3.4504000e+04   3.6768000e+04
   4.6794000e+04   2.9632000e+04
   1.7420000e+03   1.7362000e+04
   1.1920000e+04   8.7600000e+02
   9.4100000e+03   1.5719000e+04
   2.7778000e+04   4.0630000e+04
   3.8713000e+04   2.6820000e+03
   1.9000000e+03   1.2808000e+04
   6.2715000e+04   8.2300000e+02
   2.7115000e+04   2.5419000e+04
   6.3557000e+04   2.4913000e+04
   5.4591000e+04   4.8027000e+04
   5.6956000e+04   9.9440000e+03
   5.4269000e+04   2.9200000e+03
   2.5040000e+03   6.3392000e+04
   1.5272000e+04   3.6107000e+04
   5.6771000e+04   5.5498000e+04
   4.4286000e+04   8.0500000e+03
   1.4687000e+04   3.6682000e+04
   2.5657000e+04   3.7995000e+04
   6.7130000e+03   3.8389000e+04
   2.3764000e+04   1.2180000e+03
   3.6935000e+04   8.1380000e+03
   3.2766000e+04   1.6537000e+04
   3.4304000e+04   3.2360000e+04
   1.8141000e+04   3.7232000e+04
   6.9080000e+03   6.4790000e+04
   5.4305000e+04   2.0799000e+04
