   1.2587000e+04   6.5370000e+03
   3.9899000e+04   3.9737000e+04
   3.3927000e+04   5.2471000e+04
   1.1237000e+04   2.0799000e+04
   5.2453000e+04   3.6768000e+04
   5.1186000e+04   1.0276000e+04
   9.7790000e+03   5.2895000e+04
   3.6923000e+04   3.6454000e+04
   4.6726000e+04   2.5419000e+04
   2.4117000e+04   8.8580000e+03
   4.1520000e+03   6.3392000e+04
   5.6300000e+04   4.3859000e+04
   3.4391000e+04   3.8664000e+04
   2.9939000e+04   2.9200000e+03
   2.5816000e+04   3.6736000e+04
   5.7188000e+04   8.9430000e+03
   6.5020000e+03   4.8964000e+04
   5.0687000e+04   3.7281000e+04
   1.1892000e+04   4.5338000e+04
   1.8222000e+04   1.7362000e+04
   2.8999000e+04   1.7111000e+04
   5.2634000e+04   1.4985000e+04
   4.2465000e+04   1.2808000e+04
   3.8765000e+04   3.9270000e+03
   2.3700000e+03   1.2180000e+03
   2.8455000e+04   3.6682000e+04
   1.7733000e+04   3.1874000e+04
   2.9113000e+04   1.9801000e+04
   3.1426000e+04   6.3572000e+04
   3.0209000e+04   1.5269000e+04
   6.0987000e+04   4.0101000e+04
   1.7029000e+04   5.3860000e+04
   3.2130000e+04   5.5498000e+04
   4.4945000e+04   7.9530000e+03
   3.9673000e+04   1.4793000e+04
   5.7670000e+04   3.8389000e+04
   6.4331000e+04   1.6537000e+04
   4.4589000e+04   4.6727000e+04
   2.5706000e+04   1.2230000e+03
   3.7367000e+04   2.7112000e+04
   2.1948000e+04   4.6739000e+04
   3.6562000e+04   3.2360000e+04
   4.3590000e+03   5.4329000e+04
   1.2799000e+04   6.4039000e+04
   4.0660000e+03   3.8100000e+04
   4.4185000e+04   4.7170000e+03
   1.5261000e+04   5.6594000e+04
   8.9200000e+03   3.6107000e+04
   1.5593000e+04   5.8929000e+04
   6.2172000e+04   5.8466000e+04
   2.1454000e+04   7.0450000e+03
   1.9600000e+03   3.7232000e+04
   4.0605000e+04   4.8847000e+04
   1.7850000e+03   1.5719000e+04
   2.6327000e+04   8.1380000e+03
   4.7358000e+04   8.2300000e+02
   6.0317000e+04   2.4913000e+04
   3.5742000e+04   6.3544000e+04
   6.3978000e+04   4.5890000e+03
   5.5331000e+04   1.8297000e+04
   3.9226000e+04   4.8748000e+04
   6.9590000e+03   4.0630000e+04
   1.9165000e+04   1.3324000e+04
   5.6550000e+04   3.7995000e+04
   1.6430000e+04   6.4790000e+04
