   2.6091000e+04   3.7995000e+04
   5.9115000e+04   4.3859000e+04
   2.1806000e+04   2.2340000e+04
   5.4148000e+04   4.7170000e+03
   7.2270000e+03   4.0630000e+04
   5.3912000e+04   8.7310000e+03
   1.5523000e+04   3.7232000e+04
   1.2931000e+04   2.9586000e+04
   5.5016000e+04   1.4793000e+04
   4.0217000e+04   6.3821000e+04
   2.0229000e+04   5.6196000e+04
   8.4940000e+03   2.6880000e+04
   5.6500000e+04   2.7030000e+03
   2.9604000e+04   1.2230000e+03
   3.1180000e+03   6.3572000e+04
   1.5726000e+04   6.5500000e+03
   5.2778000e+04   5.9785000e+04
   3.0891000e+04   4.2565000e+04
   5.6404000e+04   1.1341000e+04
   3.7526000e+04   3.3521000e+04
   4.3394000e+04   6.3392000e+04
   1.4394000e+04   3.1874000e+04
   4.1431000e+04   4.2682000e+04
   5.6272000e+04   3.6107000e+04
   4.3079000e+04   5.5498000e+04
   3.9050000e+04   4.9346000e+04
   5.6575000e+04   4.5890000e+03
   1.7922000e+04   3.5510000e+03
   2.2624000e+04   5.6594000e+04
   3.0012000e+04   3.5892000e+04
   2.3450000e+03   3.2360000e+04
   2.4300000e+03   4.6727000e+04
   4.3001000e+04   6.4790000e+04
   7.9010000e+03   3.9737000e+04
   4.3430000e+03   3.8389000e+04
   5.3674000e+04   8.2300000e+02
   2.9445000e+04   3.6440000e+03
   5.8386000e+04   3.6454000e+04
   2.6860000e+04   1.9001000e+04
   4.5767000e+04   3.6810000e+04
   6.0657000e+04   1.9616000e+04
   1.1290000e+03   8.9430000e+03
   9.2040000e+03   1.0276000e+04
   5.1549000e+04   4.2007000e+04
   2.6648000e+04   8.1380000e+03
   3.0244000e+04   6.3700000e+03
   3.1415000e+04   5.2895000e+04
   1.9970000e+03   1.2180000e+03
   3.9496000e+04   1.8297000e+04
   5.9002000e+04   5.7233000e+04
   5.7884000e+04   1.4170000e+03
   6.2003000e+04   1.5719000e+04
   5.8687000e+04   5.3430000e+03
   3.5693000e+04   7.9530000e+03
   6.4277000e+04   7.0450000e+03
   2.2959000e+04   1.9926000e+04
   1.6193000e+04   4.8964000e+04
   5.5450000e+03   3.6768000e+04
   5.0114000e+04   4.8847000e+04
   2.6244000e+04   3.8250000e+04
   2.5385000e+04   1.2808000e+04
   4.8233000e+04   6.0610000e+04
   4.7272000e+04   2.5821000e+04
   4.8728000e+04   3.9183000e+04
   2.7645000e+04   1.7362000e+04
   1.7293000e+04   5.2471000e+04
   6.2847000e+04   2.0799000e+04
   2.2356000e+04   3.8100000e+04
   8.0870000e+03   3.9270000e+03
   3.5317000e+04   5.8328000e+04
   5.1411000e+04   6.3544000e+04
   5.2940000e+03   2.4913000e+04
   7.9990000e+03   4.8748000e+04
   6.4575000e+04   3.7281000e+04
   8.7860000e+03   4.4663000e+04
   2.1550000e+04   3.6682000e+04
   4.9658000e+04   5.4730000e+04
   5.8240000e+04   2.5419000e+04
   3.4154000e+04   2.9200000e+03
   4.2787000e+04   1.5269000e+04
   3.7071000e+04   1.6537000e+04
   3.3838000e+04   5.4329000e+04
   3.9669000e+04   1.3324000e+04
