   3.4693000e+04   3.7281000e+04
   7.6830000e+03   2.4913000e+04
   3.1035000e+04   3.2583000e+04
   5.7392000e+04   4.6727000e+04
   2.4826000e+04   5.5498000e+04
   4.0806000e+04   5.8061000e+04
   9.3950000e+03   8.2300000e+02
   2.2356000e+04   3.1446000e+04
   6.2060000e+03   7.9530000e+03
   2.7003000e+04   4.1986000e+04
   2.3996000e+04   1.6327000e+04
   3.9353000e+04   7.4860000e+03
   2.7215000e+04   1.2596000e+04
   1.9510000e+03   3.8389000e+04
   3.9200000e+03   4.8748000e+04
   4.8010000e+03   3.4512000e+04
   3.4613000e+04   5.1141000e+04
   4.4728000e+04   5.1320000e+03
   3.4332000e+04   2.7600000e+02
   3.3445000e+04   1.4565000e+04
   2.1541000e+04   3.6682000e+04
   4.2209000e+04   1.0276000e+04
   5.6027000e+04   4.2488000e+04
   3.4059000e+04   6.4790000e+04
   6.1250000e+03   1.2808000e+04
   4.7567000e+04   4.9171000e+04
   6.4362000e+04   5.4329000e+04
   5.6738000e+04   1.1048000e+04
   4.8380000e+04   1.5269000e+04
   2.3086000e+04   6.0701000e+04
   6.2976000e+04   6.3572000e+04
   3.7868000e+04   2.9200000e+03
   4.3570000e+03   3.9737000e+04
   6.0546000e+04   1.2180000e+03
   4.6871000e+04   3.3954000e+04
   5.1090000e+04   4.8847000e+04
   1.4481000e+04   1.4793000e+04
   4.1704000e+04   1.7362000e+04
   1.2766000e+04   3.3935000e+04
   2.0651000e+04   2.5419000e+04
   5.8676000e+04   6.2891000e+04
   6.0848000e+04   6.2037000e+04
   4.0217000e+04   6.3821000e+04
   3.2955000e+04   5.6594000e+04
   6.3505000e+04   3.2360000e+04
   3.8486000e+04   6.0160000e+03
   3.0172000e+04   5.2565000e+04
   6.1228000e+04   1.9678000e+04
   6.5116000e+04   4.3859000e+04
   4.8749000e+04   1.2230000e+03
   6.3446000e+04   4.0630000e+04
   5.0921000e+04   5.5666000e+04
   5.6214000e+04   5.4340000e+04
   1.8048000e+04   4.4932000e+04
   5.4842000e+04   3.8100000e+04
   4.9677000e+04   1.5300000e+04
   2.2497000e+04   3.6454000e+04
   3.7655000e+04   3.9270000e+03
   1.1645000e+04   6.3881000e+04
   2.0396000e+04   5.2895000e+04
   4.7074000e+04   1.8297000e+04
   3.7216000e+04   3.7995000e+04
   1.9918000e+04   2.9660000e+03
   2.7469000e+04   1.3324000e+04
   1.5268000e+04   2.2250000e+04
   1.6781000e+04   5.7021000e+04
   9.0440000e+03   1.7044000e+04
   5.2217000e+04   3.6107000e+04
   7.8010000e+03   6.3544000e+04
   5.7322000e+04   3.1874000e+04
   5.4579000e+04   1.6537000e+04
   4.4179000e+04   4.8964000e+04
   2.8356000e+04   1.1393000e+04
   6.4247000e+04   8.1380000e+03
   1.5419000e+04   2.0799000e+04
   3.5360000e+03   3.7232000e+04
   4.3350000e+04   4.5890000e+03
   4.8983000e+04   1.8217000e+04
   6.5177000e+04   7.0450000e+03
   2.3299000e+04   9.9130000e+03
   1.3607000e+04   5.2471000e+04
   4.0040000e+04   8.9430000e+03
   1.5925000e+04   3.6768000e+04
   5.8948000e+04   6.3392000e+04
   4.7183000e+04   1.5719000e+04
   1.9737000e+04   4.7170000e+03
