   1.3482000e+04   3.7995000e+04
   3.7844000e+04   4.3859000e+04
   1.1665000e+04   6.9650000e+03
   3.9966000e+04   4.7170000e+03
   1.1514000e+04   4.0630000e+04
   2.4847000e+04   6.1065000e+04
   3.6086000e+04   3.7232000e+04
   3.9620000e+04   1.0220000e+04
   9.8310000e+03   1.4793000e+04
   3.8437000e+04   5.7530000e+03
   3.9034000e+04   2.2974000e+04
   1.5955000e+04   4.8490000e+03
   6.1694000e+04   6.4861000e+04
   2.3544000e+04   1.2230000e+03
   4.5021000e+04   6.3572000e+04
   5.0569000e+04   5.2107000e+04
   4.9671000e+04   4.6178000e+04
   2.5741000e+04   5.7300000e+04
   3.3964000e+04   6.4230000e+04
   4.3096000e+04   1.8506000e+04
   1.0800000e+03   6.3392000e+04
   2.0581000e+04   3.1874000e+04
   4.3367000e+04   9.3760000e+03
   6.1425000e+04   3.6107000e+04
   5.1229000e+04   5.5498000e+04
   5.9537000e+04   4.8591000e+04
   5.4134000e+04   4.5890000e+03
   4.3733000e+04   8.2030000e+03
   2.0525000e+04   5.6594000e+04
   5.1483000e+04   4.9880000e+03
   2.2020000e+03   3.2360000e+04
   3.4661000e+04   4.6727000e+04
   2.5540000e+03   6.4790000e+04
   6.2773000e+04   3.9737000e+04
   5.9445000e+04   3.8389000e+04
   2.3412000e+04   8.2300000e+02
   2.9316000e+04   3.0101000e+04
   6.1270000e+03   3.6454000e+04
   2.8164000e+04   3.6330000e+04
   4.5670000e+04   8.7160000e+03
   1.8817000e+04   1.5721000e+04
   2.3550000e+03   8.9430000e+03
   6.1263000e+04   1.0276000e+04
   3.1007000e+04   3.6930000e+04
   2.1280000e+04   8.1380000e+03
   5.2807000e+04   1.2707000e+04
   2.6552000e+04   5.2895000e+04
   5.4953000e+04   1.2180000e+03
   6.4431000e+04   1.8297000e+04
   3.1818000e+04   4.2670000e+03
   3.7237000e+04   2.9146000e+04
   4.9060000e+03   1.5719000e+04
   1.9630000e+04   5.2331000e+04
   5.4473000e+04   7.9530000e+03
   1.7096000e+04   7.0450000e+03
   1.3810000e+04   5.9287000e+04
   3.1508000e+04   4.8964000e+04
   5.6271000e+04   3.6768000e+04
   8.3850000e+03   4.8847000e+04
   3.4516000e+04   9.7500000e+03
   6.5610000e+03   1.2808000e+04
   4.2170000e+04   2.3670000e+04
   5.2340000e+04   6.1348000e+04
   4.7294000e+04   3.8692000e+04
   3.1665000e+04   1.7362000e+04
   1.6167000e+04   5.2471000e+04
   3.7683000e+04   2.0799000e+04
   4.4450000e+04   3.8100000e+04
   4.9112000e+04   3.9270000e+03
   3.2164000e+04   1.8905000e+04
   5.8630000e+03   6.3544000e+04
   4.0000000e+02   2.4913000e+04
   2.5367000e+04   4.8748000e+04
   2.2100000e+04   3.7281000e+04
   6.0008000e+04   2.3064000e+04
   8.6820000e+03   3.6682000e+04
   5.8827000e+04   4.8957000e+04
   4.1227000e+04   2.5419000e+04
   2.9400000e+03   2.9200000e+03
   4.8959000e+04   1.5269000e+04
   5.6110000e+04   1.6537000e+04
   6.0789000e+04   5.4329000e+04
   2.6960000e+03   1.3324000e+04
