   4.5530000e+03   3.9734000e+04
   4.6356000e+04   3.7281000e+04
   6.2770000e+03   1.5269000e+04
   1.0619000e+04   6.4790000e+04
   3.7648000e+04   1.2230000e+03
   3.3189000e+04   1.2180000e+03
   3.7887000e+04   2.5419000e+04
   1.5153000e+04   8.9430000e+03
   5.4606000e+04   5.6594000e+04
   2.7304000e+04   2.4161000e+04
   5.5554000e+04   3.7232000e+04
   3.7793000e+04   1.7362000e+04
   5.7110000e+04   8.1380000e+03
   5.4847000e+04   7.0450000e+03
   5.0622000e+04   6.1802000e+04
   6.0789000e+04   3.9270000e+03
   4.2843000e+04   3.6454000e+04
   3.9963000e+04   2.0799000e+04
   1.4523000e+04   1.6380000e+03
   9.7690000e+03   2.0378000e+04
   3.1053000e+04   6.0209000e+04
   3.8023000e+04   3.8100000e+04
   4.4741000e+04   7.9530000e+03
   4.9175000e+04   4.5890000e+03
   3.8630000e+03   8.2300000e+02
   4.8980000e+04   3.9737000e+04
   1.2602000e+04   3.5788000e+04
   1.2751000e+04   5.5498000e+04
   7.4960000e+03   5.2895000e+04
   7.9110000e+03   4.1069000e+04
   3.4078000e+04   5.6836000e+04
   3.3638000e+04   1.5719000e+04
   3.2745000e+04   2.9200000e+03
   2.4004000e+04   4.6727000e+04
   5.1962000e+04   6.3544000e+04
   1.6365000e+04   4.8748000e+04
   6.0577000e+04   3.6682000e+04
   1.6645000e+04   5.2471000e+04
   3.2463000e+04   6.1894000e+04
   7.8160000e+03   7.9360000e+03
   1.9498000e+04   4.0630000e+04
   3.2348000e+04   1.0276000e+04
   1.6024000e+04   3.0727000e+04
   2.7464000e+04   6.3572000e+04
   1.2272000e+04   6.3392000e+04
   2.4638000e+04   4.8964000e+04
   1.0440000e+03   4.8847000e+04
   1.2889000e+04   6.1630000e+03
   4.5519000e+04   4.2408000e+04
   3.1964000e+04   1.4793000e+04
   6.5534000e+04   1.3324000e+04
   7.1630000e+03   4.3859000e+04
   3.0725000e+04   3.2360000e+04
   5.9500000e+02   1.8297000e+04
   6.1527000e+04   4.7170000e+03
   4.4624000e+04   3.6107000e+04
   4.9238000e+04   3.6768000e+04
   5.5699000e+04   3.1874000e+04
   3.9362000e+04   3.8389000e+04
   6.5123000e+04   1.2808000e+04
   2.4920000e+04   5.4329000e+04
   5.8205000e+04   1.6537000e+04
   1.9325000e+04   2.4913000e+04
   1.3042000e+04   3.7995000e+04
