   3.8312000e+04   6.4790000e+04
   2.9921000e+04   4.8847000e+04
   1.4637000e+04   1.3334000e+04
   1.7492000e+04   8.2300000e+02
   2.5435000e+04   3.2360000e+04
   4.4727000e+04   3.7809000e+04
   5.9156000e+04   6.3392000e+04
   2.3092000e+04   4.1347000e+04
   1.8929000e+04   7.0450000e+03
   6.8510000e+03   3.9112000e+04
   2.0715000e+04   6.0314000e+04
   1.1028000e+04   1.6910000e+03
   5.5679000e+04   2.8209000e+04
   4.2904000e+04   3.6768000e+04
   6.1820000e+03   3.8100000e+04
   5.3900000e+03   3.6404000e+04
   1.8052000e+04   2.8135000e+04
   2.0912000e+04   6.3227000e+04
   2.2844000e+04   4.5151000e+04
   4.8308000e+04   4.4986000e+04
   5.2322000e+04   4.7170000e+03
   6.3108000e+04   4.5890000e+03
   3.6567000e+04   3.4878000e+04
   1.0505000e+04   2.4913000e+04
   5.0550000e+03   6.3572000e+04
   4.9723000e+04   4.9986000e+04
   2.3622000e+04   1.2180000e+03
   1.5791000e+04   9.7220000e+03
   4.9032000e+04   2.5419000e+04
   2.8045000e+04   4.7188000e+04
   7.6210000e+03   1.5719000e+04
   2.0383000e+04   1.4793000e+04
   2.9494000e+04   2.0799000e+04
   2.7658000e+04   3.1874000e+04
   4.8179000e+04   1.8297000e+04
   1.1326000e+04   1.7362000e+04
   4.0066000e+04   3.6682000e+04
   6.5100000e+03   3.1290000e+04
   1.1166000e+04   4.8964000e+04
   1.3858000e+04   1.6766000e+04
   5.1551000e+04   7.7640000e+03
   2.4747000e+04   4.4870000e+04
   3.5469000e+04   3.6454000e+04
   2.2450000e+03   5.4329000e+04
   4.0568000e+04   4.2670000e+03
   5.8045000e+04   1.5494000e+04
   3.7141000e+04   1.5527000e+04
   3.5857000e+04   1.5269000e+04
   6.2522000e+04   1.0276000e+04
   9.8900000e+03   8.1380000e+03
   4.9834000e+04   3.5530000e+04
   3.9433000e+04   2.7311000e+04
   5.6588000e+04   5.5498000e+04
   2.0228000e+04   1.7345000e+04
   3.5708000e+04   3.9270000e+03
   4.4829000e+04   2.9200000e+03
   3.2058000e+04   2.7360000e+04
   4.3441000e+04   5.6594000e+04
   4.6584000e+04   6.3544000e+04
   6.2454000e+04   3.6107000e+04
   3.6009000e+04   3.7496000e+04
   5.5299000e+04   4.8748000e+04
   3.3223000e+04   5.5180000e+04
   5.1958000e+04   6.0770000e+04
   2.9350000e+04   3.2492000e+04
   3.1337000e+04   4.3859000e+04
   2.4558000e+04   1.2230000e+03
   6.0735000e+04   3.7281000e+04
   5.3729000e+04   1.2808000e+04
   5.6840000e+04   8.9430000e+03
   4.1206000e+04   5.0510000e+04
   1.2445000e+04   3.8389000e+04
   9.3930000e+03   3.7995000e+04
   2.7340000e+03   1.6537000e+04
   1.3531000e+04   3.9737000e+04
   2.8165000e+04   3.4110000e+04
   3.4880000e+03   4.6727000e+04
   4.2349000e+04   1.1091000e+04
   3.9761000e+04   5.2895000e+04
   1.9080000e+03   7.9530000e+03
   1.4303000e+04   5.2471000e+04
   4.5160000e+04   1.3324000e+04
   3.3878000e+04   4.0630000e+04
   3.6460000e+03   3.7232000e+04
