   1.4601000e+04   5.6176000e+04
   4.4017000e+04   3.9737000e+04
   3.3969000e+04   5.2471000e+04
   5.5664000e+04   2.0799000e+04
   1.6349000e+04   3.6768000e+04
   5.2380000e+03   1.0276000e+04
   3.0179000e+04   5.2895000e+04
   2.2130000e+03   3.6454000e+04
   6.3198000e+04   2.5419000e+04
   5.4943000e+04   4.8725000e+04
   1.4402000e+04   6.3392000e+04
   4.4474000e+04   4.3859000e+04
   2.1220000e+04   5.4090000e+04
   4.9582000e+04   2.9200000e+03
   8.7070000e+03   3.3772000e+04
   6.4803000e+04   8.9430000e+03
   3.5827000e+04   4.8964000e+04
   1.4430000e+03   3.7281000e+04
   2.6904000e+04   2.6650000e+03
   3.6601000e+04   1.7362000e+04
   5.8450000e+03   3.9338000e+04
   3.5411000e+04   5.4036000e+04
   5.9541000e+04   1.2808000e+04
   1.8063000e+04   3.9270000e+03
   1.5430000e+03   1.2180000e+03
   2.4565000e+04   3.6682000e+04
   2.4228000e+04   3.1874000e+04
   8.6540000e+03   4.0232000e+04
   5.4725000e+04   6.3572000e+04
   1.7983000e+04   1.5269000e+04
   4.0562000e+04   2.9129000e+04
   4.0291000e+04   4.1211000e+04
   2.3089000e+04   5.5498000e+04
   4.3326000e+04   7.9530000e+03
   2.1953000e+04   1.4793000e+04
   4.5847000e+04   3.8389000e+04
   5.5425000e+04   1.6537000e+04
   8.3800000e+03   4.6727000e+04
   1.9290000e+03   1.2230000e+03
   3.0435000e+04   1.8138000e+04
   4.7696000e+04   1.5027000e+04
   3.8084000e+04   3.2360000e+04
   1.2089000e+04   5.4329000e+04
   3.6356000e+04   8.4150000e+03
   3.0585000e+04   3.8100000e+04
   5.7922000e+04   4.7170000e+03
   5.2756000e+04   5.6594000e+04
   2.1418000e+04   3.6107000e+04
   4.7560000e+03   6.1060000e+04
   4.0403000e+04   5.9749000e+04
   5.9092000e+04   7.0450000e+03
   6.4686000e+04   3.7232000e+04
   2.2547000e+04   4.8847000e+04
   2.8876000e+04   1.5719000e+04
   1.4735000e+04   8.1380000e+03
   4.5180000e+04   8.2300000e+02
   5.4168000e+04   2.4913000e+04
   2.7592000e+04   6.3544000e+04
   2.1810000e+04   4.5890000e+03
   6.2296000e+04   1.8297000e+04
   2.3697000e+04   4.8748000e+04
   6.4543000e+04   4.0630000e+04
   5.0790000e+03   1.3324000e+04
   2.0284000e+04   3.7995000e+04
   1.8641000e+04   6.4790000e+04
