   2.8010000e+04   8.9770000e+03
   6.4271000e+04   1.0276000e+04
   3.5484000e+04   4.3859000e+04
   4.2943000e+04   3.8389000e+04
   4.4035000e+04   4.5890000e+03
   2.7441000e+04   8.1380000e+03
   2.5781000e+04   1.5719000e+04
   6.5504000e+04   3.6768000e+04
   1.2494000e+04   5.2895000e+04
   5.4251000e+04   1.2230000e+03
   2.6041000e+04   5.5696000e+04
   1.7199000e+04   4.6727000e+04
   3.4163000e+04   3.7995000e+04
   2.7186000e+04   4.6124000e+04
   5.7880000e+04   3.6454000e+04
   2.7318000e+04   2.8930000e+03
   6.4622000e+04   2.5419000e+04
   6.2287000e+04   1.5269000e+04
   2.5569000e+04   1.2180000e+03
   4.0344000e+04   4.7159000e+04
   6.0484000e+04   2.4913000e+04
   5.2573000e+04   6.4573000e+04
   9.8750000e+03   2.2611000e+04
   2.1790000e+04   3.7232000e+04
   1.7583000e+04   5.6594000e+04
   4.0065000e+04   4.8847000e+04
   5.2447000e+04   3.2360000e+04
   3.7050000e+03   2.9200000e+03
   6.9920000e+03   5.4329000e+04
   5.4851000e+04   1.9238000e+04
   5.4062000e+04   1.6537000e+04
   5.5650000e+03   6.3544000e+04
   4.9700000e+04   2.9169000e+04
   3.9243000e+04   4.0500000e+02
   6.0088000e+04   4.8748000e+04
   4.3295000e+04   4.8964000e+04
   5.8279000e+04   3.9270000e+03
   3.6661000e+04   6.4029000e+04
   6.1690000e+04   4.7170000e+03
   6.4979000e+04   7.9530000e+03
   4.8252000e+04   1.8297000e+04
   1.8924000e+04   4.3507000e+04
   4.8771000e+04   3.6107000e+04
   1.1531000e+04   1.1345000e+04
   4.7423000e+04   3.8100000e+04
   2.1902000e+04   5.5498000e+04
   1.1807000e+04   4.7421000e+04
   5.0057000e+04   1.3324000e+04
   4.6306000e+04   1.4793000e+04
   3.8842000e+04   5.2471000e+04
   6.0874000e+04   2.0799000e+04
   1.3174000e+04   2.8314000e+04
   4.3653000e+04   3.6802000e+04
   2.1372000e+04   8.9430000e+03
   1.9542000e+04   3.6682000e+04
   1.0642000e+04   6.4790000e+04
   3.2906000e+04   1.2808000e+04
   3.0341000e+04   7.8120000e+03
   2.8560000e+03   7.0450000e+03
   4.8952000e+04   3.7281000e+04
   3.1288000e+04   3.2790000e+04
   1.4317000e+04   4.0630000e+04
   4.4836000e+04   1.2585000e+04
   4.8836000e+04   6.3392000e+04
   2.0210000e+03   6.3572000e+04
   1.8082000e+04   8.2300000e+02
   2.1087000e+04   3.9737000e+04
   4.9151000e+04   1.7362000e+04
   8.3370000e+03   3.1874000e+04
