   3.6058000e+04   6.1127000e+04
   6.3166000e+04   5.5498000e+04
   5.1711000e+04   6.4790000e+04
   4.0493000e+04   1.8987000e+04
   5.0987000e+04   3.2360000e+04
   1.9805000e+04   3.7995000e+04
   1.7246000e+04   4.8748000e+04
   5.8105000e+04   6.0227000e+04
   3.5010000e+03   6.3544000e+04
   7.8760000e+03   8.1380000e+03
   5.4661000e+04   3.6781000e+04
   8.5820000e+03   3.9270000e+03
   6.4874000e+04   3.1874000e+04
   4.4556000e+04   3.5261000e+04
   4.1730000e+04   1.5269000e+04
   3.6548000e+04   5.8681000e+04
   4.0600000e+03   3.6768000e+04
   4.0085000e+04   3.8389000e+04
   2.3470000e+03   1.5719000e+04
   2.0003000e+04   4.3859000e+04
   3.8203000e+04   2.5132000e+04
   4.1350000e+03   3.9737000e+04
   4.2235000e+04   4.1310000e+04
   2.7986000e+04   4.8847000e+04
   5.1865000e+04   3.9543000e+04
   4.6147000e+04   4.6727000e+04
   7.0500000e+03   1.2230000e+03
   6.3622000e+04   2.0799000e+04
   3.6751000e+04   1.2808000e+04
   8.7110000e+03   1.7362000e+04
   2.5534000e+04   4.8964000e+04
   6.7910000e+03   6.3572000e+04
   2.9231000e+04   3.4447000e+04
   3.4756000e+04   8.2300000e+02
   3.4171000e+04   4.6614000e+04
   1.8910000e+04   3.9487000e+04
   4.5259000e+04   6.1794000e+04
   3.1414000e+04   4.7170000e+03
   3.6884000e+04   2.4913000e+04
   5.7372000e+04   5.2471000e+04
   1.0285000e+04   2.5419000e+04
   2.6274000e+04   1.3594000e+04
   6.0239000e+04   7.0450000e+03
   4.6902000e+04   3.6107000e+04
   1.1441000e+04   5.6594000e+04
   3.6300000e+04   2.8675000e+04
   5.5805000e+04   1.5650000e+04
   2.5681000e+04   3.7281000e+04
   2.8077000e+04   6.4751000e+04
   1.5500000e+04   3.7232000e+04
   5.6297000e+04   1.6537000e+04
   4.3386000e+04   3.2476000e+04
   6.3470000e+04   3.6682000e+04
   1.8040000e+04   8.9430000e+03
   4.7056000e+04   1.8297000e+04
   1.7356000e+04   1.2180000e+03
   3.2531000e+04   4.6200000e+04
   5.3513000e+04   6.9520000e+03
   5.3374000e+04   5.2895000e+04
   5.1077000e+04   7.9530000e+03
   1.3256000e+04   4.5890000e+03
   3.8840000e+03   6.3392000e+04
   3.4368000e+04   2.4894000e+04
   8.4730000e+03   3.6454000e+04
   5.5900000e+02   1.0276000e+04
   4.9465000e+04   2.5544000e+04
   2.6426000e+04   3.8100000e+04
   4.5656000e+04   1.6548000e+04
   4.0947000e+04   1.4793000e+04
   2.5832000e+04   1.3324000e+04
   6.2738000e+04   2.9200000e+03
   2.9876000e+04   5.4329000e+04
   1.3001000e+04   3.7995000e+04
   4.6756000e+04   4.0630000e+04
