   2.2190000e+04   2.9420000e+03
   1.1523000e+04   4.8847000e+04
   1.5983000e+04   8.9430000e+03
   1.3125000e+04   1.7362000e+04
   4.6500000e+03   4.8964000e+04
   2.3573000e+04   6.4790000e+04
   6.5372000e+04   7.9530000e+03
   1.2853000e+04   4.6727000e+04
   6.3980000e+03   2.9200000e+03
   4.0683000e+04   3.6768000e+04
   4.5703000e+04   6.3572000e+04
   3.0680000e+04   5.2471000e+04
   1.5320000e+04   6.3392000e+04
   4.2760000e+04   3.6358000e+04
   6.3059000e+04   3.6682000e+04
   4.1437000e+04   1.4793000e+04
   1.0125000e+04   4.3859000e+04
   3.7032000e+04   1.8297000e+04
   4.0773000e+04   8.1380000e+03
   5.5978000e+04   3.9510000e+03
   1.7473000e+04   5.4329000e+04
   5.7457000e+04   8.2300000e+02
   5.8828000e+04   3.7995000e+04
   5.4976000e+04   4.8748000e+04
   2.2978000e+04   3.6107000e+04
   2.1379000e+04   4.3920000e+04
   6.0378000e+04   1.2180000e+03
   3.8953000e+04   3.9270000e+03
   4.8523000e+04   3.9469000e+04
   4.6777000e+04   5.4863000e+04
   6.4927000e+04   4.5890000e+03
   2.8374000e+04   4.7170000e+03
   4.6131000e+04   1.3324000e+04
   2.7512000e+04   2.5419000e+04
   3.2305000e+04   3.2360000e+04
   3.9925000e+04   1.6537000e+04
   5.7654000e+04   3.6454000e+04
   3.1193000e+04   1.2230000e+03
   9.9370000e+03   6.3544000e+04
   6.4258000e+04   3.9737000e+04
   5.7241000e+04   2.0799000e+04
   1.5185000e+04   1.3922000e+04
   1.9430000e+03   1.0276000e+04
   6.3577000e+04   3.8100000e+04
   6.0446000e+04   7.0450000e+03
   6.2251000e+04   1.3459000e+04
   7.2400000e+03   3.8389000e+04
   4.9000000e+01   3.7232000e+04
   3.7408000e+04   5.5498000e+04
   2.1722000e+04   3.1874000e+04
   2.0324000e+04   1.5269000e+04
   3.4680000e+03   1.2808000e+04
   3.9219000e+04   5.6594000e+04
   2.7121000e+04   2.4913000e+04
   3.2663000e+04   5.2895000e+04
   3.7790000e+03   4.0630000e+04
   4.6046000e+04   3.7281000e+04
   5.1342000e+04   1.5719000e+04
